0,1,2,3,4,5,6,7,8,9,10,11,12,13,14,15,16,17,18,19,20,21,22,23,24,25,26,27,28,29,30,31,32,33,34,35,36,37,38,39,40,41,42,43,44,45,46,47,48,49,50,51,52,53,54,55,56,57,58,59,60,61,62,63,64,65,66,67,68,69,70,71,72,73,74,75,76,77,78,79,80,81,82,83,84,85,86,87,88,89,90,91,92,93,94,95,96,97,98,99,100,101,102,103,104,105,106,107,108,109,110,111,112,113,114,115
1.0,0.34911075,0.52605104,0.20716561,0.21760206,0.24455275,0.46654668,0.19972739,0.26491097,0.39516574,0.45853242,0.2089765,0.5930865,0.251772,0.1714144,0.29904217,-0.04082006,0.025689311,0.45709568,0.18307252,0.08133589,0.16708672,0.48745507,0.31940547,0.2885435,0.16322683,0.2836222,0.2579681,-0.07495387,-0.039535016,0.10305992,0.02701361,0.27427807,-0.025134591,0.07249173,-0.15016986,-0.08651118,0.13277243,0.05974006,0.2515738,0.16760303,0.050152622,0.21747401,0.29975593,0.27677482,0.36776665,0.1980431,0.2683053,0.44726473,0.40648746,0.40986565,0.34509054,0.27919772,0.20866656,0.26263985,0.19666375,0.7829827,0.41748062,0.5823669,0.48746338,0.42421398,0.2869505,-0.17263289,0.04456578,-0.025621409,0.1888682,0.22414276,0.039079662,0.61013675,0.4203163,-0.017008793,0.23569338,-0.14813954,-0.21158278,-0.1645535,-0.18959646,-0.039446566,-0.13241205,-0.15599886,0.02347556,-0.2795028,0.2161615,0.21127725,0.22647582,-0.033945218,0.21141586,-0.23903196,0.18871051,-0.008241202,0.20454067,0.04947172,0.061433725,-0.031389862,-0.06608591,-0.16722313,0.044467576,-0.063724175,0.13875443,-0.05337137,0.04179363,-0.028677339,-0.08769536,0.12683788,0.17631444,-0.022975959,-0.028780693,0.0076367175,-0.098937124,-0.0011978537,0.038770195,-0.24152777,-0.018295936,0.117325075,-0.04901606,-0.11108917,-0.36403024
0.34911075,1.0,0.31792915,0.50517666,0.28552723,0.23362859,0.3465765,0.55922794,0.069074236,0.3220779,-0.04278716,0.6101032,0.218655,0.5794249,0.09453706,0.45548052,-0.20079298,0.62280285,0.64615655,0.7525706,0.27359018,0.31100714,0.29253876,0.34621406,0.26845145,0.2520067,0.20733243,0.31513473,-0.11726514,0.5573633,0.23135373,0.18505222,0.52529234,0.5588644,0.099185,0.13819152,0.27014446,0.37875375,0.29580197,0.30227295,-0.017675422,0.35751432,0.42507362,0.5118405,0.4613305,0.5515226,0.55211055,0.6120586,0.36958835,0.5742519,0.4832447,0.6078091,0.3228709,0.53739667,0.34240502,0.48428676,0.32648364,0.8334413,0.30650097,0.6952714,0.24582362,0.62228346,-0.04056444,0.61709434,0.1809996,0.44243336,0.28971985,0.3683365,0.4864484,0.66548437,0.10254497,0.37889042,0.0723903,0.4063434,-0.04428894,0.3167644,0.08982879,0.3808176,-0.08501665,0.5092884,-0.13936453,0.61862123,0.27646202,0.5754538,-0.22809282,0.5791781,-0.10954902,0.32618248,0.014478264,0.3459422,0.21899393,0.34604186,0.2483815,0.1653353,0.2303127,0.36544988,0.28649935,0.4041072,0.37796083,0.32745418,0.28327382,0.020678682,0.37598512,0.18980765,0.262429,0.11223687,0.089550875,0.08038125,-0.10457489,0.30224308,0.15313543,0.2141105,0.20539771,0.23075068,0.115374394,-0.1602004
0.52605104,0.31792915,1.0,0.6103475,0.5411093,0.36292034,0.8055292,0.5660494,0.5360387,0.33054534,0.122580044,0.250082,0.5090567,0.38387913,0.39212596,0.47666696,0.06027527,0.17287758,0.4859841,0.24250224,0.46070805,0.30819476,0.8295529,0.7264281,0.70834863,0.6119885,0.47518614,0.43613318,-0.3030523,0.24324098,0.60784066,0.5422637,0.54117334,0.43044215,0.3869059,0.24972291,0.2175145,0.37825838,0.35735622,0.2920513,0.220707,0.23618509,0.4962566,0.57063407,0.45771778,0.37479067,0.32550693,0.3533026,0.37617123,0.26674217,0.24264616,0.3928621,0.26024887,0.17883076,0.2375707,0.31460372,0.51402795,0.3241812,0.4194727,0.45702454,0.3360035,0.3548348,-0.10978111,0.17722991,0.23389949,0.5814063,0.58805835,0.43039867,0.37654975,0.34131944,-0.21266997,0.43911758,-0.19886468,-0.011397996,0.05407373,0.24046274,0.31206974,0.16184892,-0.024161246,0.15643705,-0.31326705,0.2166689,0.36853075,0.47253728,-0.11489526,0.52314514,-0.05792154,0.29457337,0.033911183,0.3108632,0.42436546,0.36306396,0.40903142,0.29266414,0.09802581,0.2546782,0.19476119,0.08798975,0.3042456,0.35252243,0.04333436,0.017076354,0.17177449,0.31985483,0.19051574,0.1993493,0.09338066,0.21647996,-0.016961178,0.29115307,0.10193779,0.16403182,0.23607478,0.22979109,0.25133032,-0.21027276
0.20716561,0.50517666,0.6103475,1.0,0.466344,0.542614,0.5248574,0.76390475,0.2136956,0.38980356,-0.050919723,0.3967421,0.085506506,0.50151753,0.1717912,0.5020208,-0.16484115,0.26929015,0.5664678,0.4712073,0.42471936,0.43278295,0.60222363,0.75583,0.6340111,0.7796048,0.4514978,0.5522986,-0.28480887,0.33128637,0.58110106,0.6969053,0.7431031,0.713984,0.5873378,0.54891086,0.15496899,0.43218023,0.38234326,0.35343835,-0.027633294,0.32303518,0.58237934,0.6235083,0.60892,0.3760165,0.35606503,0.44321954,0.26378512,0.20587982,0.20939156,0.52165884,0.15508634,0.25256467,0.19794165,0.3301056,0.22621967,0.36738732,0.15233424,0.44131815,0.21499622,0.5440894,-0.048319895,0.39644197,0.4343165,0.8113475,0.6753683,0.6982401,0.33645168,0.44609642,-0.12183448,0.54699415,0.072012454,0.264307,0.058013268,0.38735592,0.23449516,0.4891643,0.030186808,0.3353083,-0.18889795,0.49255323,0.2006602,0.43632376,-0.1538308,0.7372157,-0.026732683,0.37530172,0.004791323,0.4119557,0.57950985,0.5114165,0.6472761,0.38054144,0.20241718,0.300307,0.31329346,0.13487217,0.41447413,0.42509118,0.3048631,0.13515002,0.32512054,0.37227544,0.5062455,0.39488563,0.31798732,0.3576517,0.035970222,0.29452777,0.32180983,0.2628557,0.22584487,0.3572326,0.56649446,-0.02241551
0.21760206,0.28552723,0.5411093,0.466344,1.0,0.37828428,0.6162691,0.46709257,0.5901451,0.29620153,-0.18248275,0.03883362,0.06168551,0.1962695,0.61014277,0.5038336,-0.05443304,0.20840271,0.39087367,0.2648886,0.43927544,0.4379693,0.49495408,0.40225777,0.5242007,0.46284905,0.5558097,0.5682009,-0.40325263,0.33783704,0.3682929,0.37777174,0.31311184,0.3988986,0.31877077,0.26476762,0.44122636,0.5377455,0.45250657,0.27494976,0.1669346,0.45231718,0.40290096,0.39202964,0.47555768,0.34719622,0.41978532,0.31985477,0.25362802,0.28129157,0.28022477,0.2987554,0.2747666,0.33651096,0.3007211,0.3441713,0.2212939,0.25175393,0.24951069,0.32334056,0.3277058,0.38211557,0.19868419,0.1537005,0.35986096,0.53494656,0.38773447,0.3886065,0.3276905,0.36448437,0.13970578,0.30353865,-0.03142775,0.119447306,0.19961052,0.32400426,0.37631413,0.25068298,0.13572098,0.27394533,0.008942432,0.22689855,0.29991612,0.5456704,0.0810584,0.5044886,-0.034801286,0.37358555,0.33855593,0.4890552,0.431332,0.3850534,0.43293563,0.37402555,0.32518658,0.3903974,0.34845534,0.18075973,0.39800835,0.38263202,0.046906866,0.07223514,0.0724411,0.25602,0.22398256,0.29543248,0.12361765,0.09979386,-0.0707037,0.27454185,0.055367146,0.3098765,0.2124615,0.22395618,0.21517439,-0.12432159
0.24455275,0.23362859,0.36292034,0.542614,0.37828428,1.0,0.27635443,0.4401235,0.36155227,0.7382155,-0.05694684,0.24479899,-0.100507006,0.34989488,0.13221374,0.597598,-0.2402737,0.02411498,0.2941284,0.2151675,0.2127874,0.56770754,0.27721724,0.55347705,0.307614,0.53635347,0.67194414,0.61625767,-0.20031191,0.12581645,0.3529764,0.48404536,0.44721606,0.4168105,0.38337883,0.31783858,0.097814545,0.114253744,0.2690023,0.5618509,0.09005219,0.15236016,0.5056513,0.40029058,0.32235387,0.34603605,0.21392953,0.33987752,0.22614156,0.09356902,0.21438429,0.3165076,0.47178447,0.22123466,0.4318893,0.30920538,0.3248704,0.24544851,0.100275025,0.19160709,0.074664384,0.30639216,-0.11362569,0.25750253,0.12189846,0.51521856,0.35121933,0.31193817,0.2008247,0.22508883,-0.040720705,0.6369109,0.04146143,0.14748342,0.15678068,0.13299495,0.09254524,0.3569967,0.4586146,0.44778863,-0.08946191,0.5410741,0.27360272,0.23746277,0.27450138,0.5494537,-0.12129454,0.47354442,0.16415516,0.6600179,0.11972159,0.15843406,0.29463196,0.10203861,0.17435211,0.3631712,0.31957152,0.3085665,0.0932341,0.115596525,0.4423364,0.27044168,0.3675394,0.28306526,0.40015984,0.11403292,0.22348532,0.43516952,0.37272727,0.2911561,0.20034645,0.2659662,-0.021598296,0.07623251,0.3125163,0.035266805
0.46654668,0.3465765,0.8055292,0.5248574,0.6162691,0.27635443,1.0,0.5749256,0.6275169,0.31409788,0.17894323,0.2011124,0.5521188,0.35396096,0.39103034,0.46552578,0.19472456,0.1838819,0.522352,0.31257594,0.38279095,0.3003637,0.784115,0.53787524,0.60807973,0.39820808,0.3829447,0.33227628,-0.2173898,0.30403686,0.5196063,0.40999278,0.42616683,0.35357496,0.2164473,0.10968817,0.13192593,0.31230414,0.19889058,0.16421123,0.052409433,0.22936472,0.343762,0.41569978,0.43584707,0.34627146,0.33238024,0.32123578,0.30052683,0.3271321,0.213712,0.358926,0.2518182,0.29948375,0.16567868,0.3256447,0.38767257,0.2982663,0.36838964,0.4486667,0.362605,0.43353713,-0.010319095,0.18858005,0.25453994,0.47915515,0.38221037,0.27842128,0.4285596,0.3719129,-0.12004166,0.26007202,-0.064765036,-0.0052351165,0.077362895,0.21660961,0.33909464,0.10228876,-0.009781595,0.111993484,-0.29124138,0.15330964,0.2340143,0.4132485,-0.19959262,0.42358088,-0.14081074,0.21560271,-0.020507341,0.2821299,0.35558346,0.2957826,0.28792468,0.2670035,0.079498276,0.1908711,0.07904639,0.071824335,0.27371627,0.312289,0.011101942,0.020865923,0.10953727,0.22485775,0.07800637,0.1689707,-0.0009160432,0.16115601,-0.1080115,0.14030294,0.031581577,0.09268625,0.19052672,0.13299961,0.1876366,-0.1897687
0.19972739,0.55922794,0.5660494,0.76390475,0.46709257,0.4401235,0.5749256,1.0,0.3149648,0.49826384,-0.03988931,0.59966356,0.23227178,0.68718827,0.16997755,0.65903366,-0.026703654,0.3226281,0.6900091,0.63238615,0.42368618,0.23955192,0.5629405,0.7066409,0.44631886,0.5041045,0.2963411,0.34831205,-0.2439692,0.46723384,0.48711652,0.57039857,0.57011324,0.6607489,0.2370619,0.30037042,0.1616491,0.34518898,0.27270415,0.17565046,-0.07512474,0.23596475,0.52248484,0.60349804,0.4814104,0.37658477,0.4020932,0.4488815,0.21907763,0.25902,0.20950316,0.49977237,0.26145548,0.3604597,0.26737872,0.4025742,0.2514329,0.4068611,0.14497519,0.5279135,0.27543214,0.7689834,0.02293253,0.5799313,0.22467217,0.7404902,0.3990685,0.42873448,0.25214437,0.43818468,-0.16991016,0.5492357,-0.020515556,0.30025214,0.025928402,0.39506605,0.29371336,0.53043073,0.034106568,0.36465228,-0.15479517,0.46922606,0.29552442,0.4808516,-0.21515556,0.6713144,-0.037665207,0.3115043,-0.026721094,0.40532055,0.5043439,0.429131,0.55098855,0.28547457,0.20655595,0.35501134,0.33696663,0.3102487,0.53507215,0.4638561,0.3385444,0.070931554,0.40855956,0.3931414,0.42474395,0.30423692,0.22818545,0.3111758,-0.003945808,0.41842905,0.31093222,0.23741642,0.21184,0.32017308,0.38779512,-0.13212918
0.26491097,0.069074236,0.5360387,0.2136956,0.5901451,0.36155227,0.6275169,0.3149648,1.0,0.38933286,0.06724239,0.05736994,0.27226442,0.15752266,0.40377304,0.44568783,0.09698975,0.04620324,0.24571003,0.15829255,0.2515174,0.31040123,0.47509536,0.38447356,0.36006147,0.18879916,0.48510152,0.326224,-0.1337742,0.28488547,0.36998597,0.3057932,0.19075985,0.21174079,0.10340843,-0.038095165,0.20046142,0.2662004,0.15757991,0.2274315,0.15068707,0.16244702,0.33167753,0.2715625,0.25590062,0.2529323,0.30807075,0.21913174,0.2727462,0.15164945,0.16835995,0.10548646,0.34048316,0.13239452,0.22795889,0.28614596,0.22971967,0.05082833,0.20016986,0.19063817,0.23104379,0.24837488,0.030651996,0.097171016,0.028874498,0.24120305,0.115037695,0.023596568,0.16854492,0.0730408,-0.14641146,0.23990852,-0.13051657,-0.0739763,0.2067951,0.15857382,0.23672503,0.083777405,0.19116418,0.18273069,-0.22356166,0.070702,0.26208702,0.2857554,0.12045284,0.18370478,-0.044627607,0.17162053,0.120859385,0.30921108,0.16850813,0.06126538,0.15273288,0.12288145,0.098486386,0.22468735,0.12416164,0.14067294,0.17163229,0.12262587,0.13526253,0.18253176,0.17094055,0.23490955,0.089217655,0.10987096,-9.525182e-05,0.2187098,0.014732031,0.15371332,0.048762146,0.24200347,0.014233857,0.042231895,0.098147035,-0.04679908
0.39516574,0.3220779,0.33054534,0.38980356,0.29620153,0.7382155,0.31409788,0.49826384,0.38933286,1.0,0.12978634,0.417028,0.16521652,0.5452192,0.110750005,0.7270562,-0.11409989,0.051824898,0.3949592,0.39114553,0.0607664,0.30968508,0.31131384,0.4783646,0.17326906,0.23343259,0.49426696,0.45742074,-0.10312094,0.20736033,0.23144686,0.28400713,0.28171843,0.2789037,0.0911564,-0.018399792,-0.019494055,0.008100325,0.057953876,0.3974757,0.067946106,0.032522436,0.4548111,0.40830868,0.29025185,0.38350585,0.32307413,0.44541076,0.3002971,0.24784938,0.2988822,0.33771935,0.5882254,0.34916005,0.50057113,0.41281503,0.4536352,0.35314623,0.13300054,0.35777023,0.14869352,0.48181748,-0.213941,0.40283749,-0.12954807,0.409064,0.05669764,0.012161629,0.28608772,0.31896627,-0.10145403,0.6327027,0.0808676,0.13164888,0.13122447,0.07372257,0.10528401,0.32265025,0.3941961,0.45291004,-0.1895579,0.5327191,0.3161932,0.25068897,0.21805786,0.44593066,-0.19316491,0.3661749,0.08018859,0.61547315,0.07475106,0.082444236,0.19977158,-0.00080229243,0.0435597,0.30367976,0.2959958,0.46310306,0.16996759,0.14839436,0.51876616,0.23744084,0.48121336,0.3294022,0.3001613,0.019492922,0.15586276,0.32143927,0.2869005,0.35277227,0.2462737,0.25883105,0.008694552,0.033966444,0.17493619,-0.042662658
0.45853242,-0.04278716,0.122580044,-0.050919723,-0.18248275,-0.05694684,0.17894323,-0.03988931,0.06724239,0.12978634,1.0,-0.041305892,0.52633995,0.097828686,-0.15509509,-0.025050536,0.46689054,-0.4007467,0.015445445,0.0032988088,-0.20691164,-0.10951556,0.20205183,0.07594945,0.08136526,-0.15717667,-0.05997038,-0.11694712,0.45341948,-0.19457561,-0.0878378,-0.16309264,-0.013909564,-0.18820742,-0.11232986,-0.2961461,-0.5843865,-0.27936816,-0.46736667,-0.20455888,-0.30383784,-0.23332989,-0.22508122,-0.09403999,-0.06702691,0.0015220453,-0.15196009,-0.07640924,0.008651619,0.052595545,-0.0764645,0.0021475668,-0.15719235,-0.28585565,-0.23319194,-0.17078273,0.20959167,-0.09371197,0.05893821,-0.015422197,0.058742046,0.06382451,-0.19477974,-0.0760613,-0.18870947,-0.07085868,-0.15289062,-0.27833423,0.22955869,-0.011496909,-0.058758274,-0.15324284,0.24472433,-0.3169642,-0.021543974,-0.17957118,-0.10816769,-0.24732386,-0.13047929,-0.31221706,-0.43251774,-0.21852842,-0.30200663,-0.26193124,-0.33406943,-0.27127907,-0.41372526,-0.2915226,-0.4610891,-0.3012845,-0.14609616,-0.27333733,-0.26409847,-0.27409124,-0.40381625,-0.2240433,-0.3738159,-0.12426689,-0.35612488,-0.23016275,-0.14789607,-0.1556089,-0.14732625,-0.12887187,-0.19425336,-0.17121898,-0.1139724,-0.07560593,-0.1915649,-0.23680022,-0.22140811,-0.19858447,-0.08548321,-0.25792634,-0.14707533,-0.17658918
0.2089765,0.6101032,0.250082,0.3967421,0.03883362,0.24479899,0.2011124,0.59966356,0.05736994,0.417028,-0.041305892,1.0,0.21064502,0.75870556,-0.12849794,0.53413,-0.11083868,0.5229322,0.59497076,0.58724356,0.2971031,0.0690324,0.29001355,0.45463878,0.102118425,0.16534236,0.08418422,0.124731526,-0.18993492,0.48725373,0.24468061,0.28061238,0.3700531,0.5059325,-0.0352176,0.07187002,0.078098245,0.17081162,0.1486619,0.2182727,-0.021394435,0.16041726,0.40080202,0.45906264,0.26207003,0.2531782,0.28396022,0.39564103,0.18613379,0.20374031,0.24745373,0.40766206,0.3208846,0.3479783,0.29407462,0.41720015,0.3283019,0.5704453,0.17528272,0.53755313,0.15592423,0.58194935,-0.07209324,0.7188137,-0.05856971,0.4033526,0.11676417,0.16954345,0.14221707,0.36399978,-0.22505125,0.37775898,-0.11063179,0.3093582,-0.14098944,0.23295821,-0.08390436,0.53264207,-0.039260507,0.4841166,-0.12235241,0.55636644,0.26772285,0.332463,-0.15723693,0.4530769,0.13398713,0.20985976,-0.0579189,0.3113802,0.23838434,0.2946227,0.23166932,0.039420824,0.11549563,0.36506662,0.27643058,0.40068877,0.39513147,0.31006482,0.2990759,0.06552764,0.48630178,0.3550353,0.3082388,0.083596975,0.22916086,0.09832191,0.16402216,0.48463592,0.33162442,0.13653004,0.07624248,0.28140017,0.22700107,-0.14450675
0.5930865,0.218655,0.5090567,0.085506506,0.06168551,-0.100507006,0.5521188,0.23227178,0.27226442,0.16521652,0.52633995,0.21064502,1.0,0.28943714,0.050747637,0.14843199,0.30963457,-0.00890952,0.31782302,0.22139725,0.09061317,-0.041768763,0.5304503,0.28746575,0.31797168,-0.01455413,-0.018145084,-0.09560619,0.16681597,0.044294566,0.1902718,-0.016280415,0.07955437,-0.078553766,-0.113540865,-0.28477946,-0.23029146,-0.14142555,-0.20570597,-0.20606181,-0.030641546,-0.23998013,0.008742527,0.17375359,0.032595776,0.158749,0.06527707,0.104722396,0.12214458,0.20661008,0.07718495,0.083937846,0.043362368,-0.0007502325,-0.12452284,0.023229703,0.44648764,0.25381628,0.26965845,0.23824403,0.18886572,0.21632569,-0.18265939,0.056845617,-0.11182572,0.078958504,-0.015074144,-0.17240733,0.35848922,0.20311537,-0.22772297,0.08880121,-0.08507016,-0.16487177,-0.1833264,-0.039827783,0.004724044,-0.19899392,-0.27049989,-0.13824756,-0.44302073,-0.0803439,0.16447303,0.120034896,-0.38077158,-0.049758077,-0.23261476,-0.09466192,-0.4294177,-0.14571609,0.012098151,0.0055818544,-0.13832143,-0.1589208,-0.30068058,-0.09878174,-0.28128934,-0.026031705,-0.04093217,0.00581533,-0.23518327,-0.25844884,-0.07960251,-0.07632256,-0.27547458,-0.23479803,-0.33658534,-0.08520207,-0.20697522,-0.039666407,-0.19444363,-0.2068439,-0.0014177399,-0.12673555,-0.14065687,-0.34789023
0.251772,0.5794249,0.38387913,0.50151753,0.1962695,0.34989488,0.35396096,0.68718827,0.15752266,0.5452192,0.097828686,0.75870556,0.28943714,1.0,-0.025592342,0.6279798,0.025836581,0.3248611,0.60093683,0.64328974,0.29797328,0.078653134,0.45186192,0.55168134,0.3072539,0.27212694,0.23136267,0.32028946,-0.13648906,0.44834298,0.2643778,0.30531514,0.36249846,0.49343762,0.050822012,0.054207146,0.0074855704,0.11766746,0.06868958,0.12785554,-0.07373221,0.059424028,0.361009,0.47549462,0.2444868,0.21208923,0.1977784,0.36536786,0.07147238,0.17798504,0.15117167,0.3322256,0.24383013,0.27076542,0.18385611,0.29647842,0.23598035,0.4983216,0.04522082,0.49410722,0.05173743,0.6600614,-0.14878793,0.5834281,0.015252742,0.5577804,0.092766196,0.12167702,0.21666893,0.36092085,-0.16320187,0.40121707,0.027680825,0.28111148,-0.025003567,0.28743795,0.14312093,0.46684477,0.016203245,0.42862847,-0.20062052,0.46755973,0.25070882,0.3145913,-0.22945677,0.464519,-0.027116124,0.20975976,-0.15373634,0.30057773,0.2453838,0.24525699,0.3079844,0.031153847,0.019265689,0.36447674,0.1794005,0.30547065,0.32802466,0.22870046,0.29274362,-0.02298588,0.33167788,0.16826656,0.24846615,0.028333148,0.18670522,0.19160303,0.18319862,0.42961812,0.32518515,0.07865345,0.030902259,0.18178397,0.23354124,-0.12125434
0.1714144,0.09453706,0.39212596,0.1717912,0.61014277,0.13221374,0.39103034,0.16997755,0.40377304,0.110750005,-0.15509509,-0.12849794,0.050747637,-0.025592342,1.0,0.27745637,-0.21883953,0.079715475,0.15881033,0.007615038,0.41629934,0.33275443,0.24906078,0.1100424,0.2930083,0.20149197,0.35647744,0.42065668,-0.28473726,0.26837,0.12439466,0.05414044,0.05000541,0.121818155,0.09857349,0.06920005,0.3341571,0.34620103,0.32535002,0.29053324,0.3018835,0.44464466,0.18439342,0.28466368,0.21431975,0.24711317,0.29130444,0.23587404,0.09688437,0.24752784,0.20551269,0.15771163,0.17250511,0.2094964,0.29978493,0.37586316,0.15667813,0.0833085,0.15962344,0.20335689,0.14299406,0.021942696,0.03641251,-0.02105662,0.019616101,0.1748364,0.2920704,0.22830619,0.22465567,0.1496786,0.23857376,0.08747366,-0.13641292,-0.014322053,-0.008767103,0.22147125,0.26321825,-0.05974069,-0.14578769,0.17655975,-0.028656578,0.019692961,0.432026,0.5320367,0.18610466,0.28689048,-0.06570266,0.20488383,0.43608898,0.3039128,0.16514382,0.22843337,0.11370998,0.21568643,0.2037918,0.21472123,0.22219868,-0.025201933,0.24683484,0.22123459,-0.09852478,0.016902255,-0.019881424,0.16161458,-0.10833663,-0.0066037215,0.01936264,-0.19656537,-0.15212418,0.14524467,-0.061637826,0.16573748,0.07878167,0.0791258,-0.060964104,-0.2263901
0.29904217,0.45548052,0.47666696,0.5020208,0.5038336,0.597598,0.46552578,0.65903366,0.44568783,0.7270562,-0.025050536,0.53413,0.14843199,0.6279798,0.27745637,1.0,-0.07384256,0.25082597,0.4709134,0.4659463,0.3665992,0.33839226,0.43598163,0.55788743,0.26497626,0.3335823,0.52982706,0.4868061,-0.32900968,0.4507836,0.33706453,0.3899839,0.3416894,0.4722151,0.070718445,0.14010212,0.17653303,0.33378896,0.2616356,0.4245436,0.062124602,0.36003008,0.45790917,0.53269404,0.3355038,0.33306596,0.3896862,0.473951,0.22472791,0.21860735,0.2569489,0.40775478,0.49402726,0.3821043,0.437645,0.49534675,0.37977448,0.40775636,0.17953958,0.4665659,0.21705565,0.64005524,0.03134806,0.563687,-0.02451605,0.5539913,0.1822185,0.18454437,0.17826661,0.315079,-0.06705055,0.5938161,-0.08616636,0.25136238,0.07431868,0.27468675,0.2279022,0.49683115,0.28588545,0.49893188,-0.12726764,0.4885693,0.43728343,0.51152664,0.104611754,0.60595953,-0.11507512,0.43182844,0.18622139,0.6394463,0.26599175,0.24903403,0.32521337,0.1800847,0.18000418,0.48061547,0.38538724,0.40543023,0.4146825,0.3361719,0.39359465,0.15500344,0.41036016,0.3538353,0.23198237,0.032562606,0.1713582,0.30670074,0.18220332,0.43587437,0.22709513,0.29790822,0.116630845,0.19580212,0.20617199,-0.112038754
-0.04082006,-0.20079298,0.06027527,-0.16484115,-0.05443304,-0.2402737,0.19472456,-0.026703654,0.09698975,-0.11409989,0.46689054,-0.11083868,0.30963457,0.025836581,-0.21883953,-0.07384256,1.0,-0.25952432,-0.0619614,-0.0070535922,-0.23652676,-0.37970465,0.114247486,-0.013008897,0.0039798175,-0.18049824,-0.31552735,-0.37164912,0.31608132,-0.10474006,-0.0049735582,-0.07211972,-0.14381935,-0.060567442,-0.18903992,-0.24914029,-0.3581074,-0.21236639,-0.36232793,-0.41392305,-0.34437755,-0.1777224,-0.23663986,-0.10694536,-0.13001645,-0.1757647,-0.11756049,-0.08789522,-0.14239493,-0.058777306,-0.20480566,-0.13116328,-0.24099892,-0.24356543,-0.3477698,-0.14677967,-0.108672045,-0.24992864,-0.06206556,-0.139806,0.11390216,0.065380484,0.12084401,-0.10754539,-0.016175821,-0.066785306,-0.22527283,-0.23618537,-0.10160954,-0.08648221,-0.2981874,-0.2528661,0.2118946,-0.05746118,0.21402209,0.039754603,0.10844463,-0.04077383,0.19533138,-0.36365572,-0.098814085,-0.36050373,-0.3683226,-0.23523735,-0.36948735,-0.264118,-0.17524362,-0.25166053,-0.47096202,-0.40833285,0.005286987,-0.06106519,-0.12560844,-0.08645849,-0.14000759,-0.13117287,-0.22770631,-0.046400387,-0.06769651,0.05631953,-0.1924668,-0.26883712,-0.18927358,-0.16774967,-0.20207381,-0.006224563,-0.2200996,0.1401779,-0.106861815,-0.07296821,0.041325018,-0.07532326,0.1162723,0.0065989974,0.027226161,-0.10513792
0.025689311,0.62280285,0.17287758,0.26929015,0.20840271,0.02411498,0.1838819,0.3226281,0.04620324,0.051824898,-0.4007467,0.5229322,-0.00890952,0.3248611,0.079715475,0.25082597,-0.25952432,1.0,0.4348785,0.4573077,0.25572026,0.22263716,0.13910682,0.17332207,0.096303895,0.14937136,0.066441745,0.17594007,-0.18741953,0.5770569,0.2722765,0.2528744,0.42491844,0.4544578,0.06238693,0.17832318,0.3241542,0.3670201,0.3746113,0.28468737,0.16288999,0.37369797,0.32113007,0.3023801,0.34248754,0.32016927,0.49932125,0.4461677,0.35994264,0.37590796,0.38581634,0.39711758,0.3060526,0.45013005,0.3583743,0.40253717,0.17922282,0.63553476,0.3171117,0.5464199,0.23739962,0.301088,0.040212926,0.522429,0.09251849,0.19677475,0.2663105,0.3893478,0.28099012,0.42710704,0.03854961,0.19470994,-0.103581384,0.26573414,-0.124031596,0.2074692,0.03704797,0.30579388,-0.044226017,0.5413421,-0.084400356,0.5646432,0.31952173,0.50190014,-0.112454526,0.4634521,0.28813145,0.27495146,0.13055976,0.2303454,0.23131749,0.37597916,0.14011231,0.1649528,0.23904459,0.19038339,0.3402918,0.24167247,0.43219048,0.3183553,0.13632225,0.020459272,0.37190202,0.15146756,0.20987767,0.20540228,0.07823045,-0.03177833,-0.08100786,0.2376737,0.21595076,0.21163556,0.10310873,0.29157633,0.08017145,0.028146083
0.45709568,0.64615655,0.4859841,0.5664678,0.39087367,0.2941284,0.522352,0.6900091,0.24571003,0.3949592,0.015445445,0.59497076,0.31782302,0.60093683,0.15881033,0.4709134,-0.0619614,0.4348785,1.0,0.63762426,0.40478712,0.1921091,0.53307474,0.48729816,0.32980818,0.31496298,0.22713684,0.26902652,-0.23941036,0.41569775,0.3635417,0.30691847,0.5020632,0.4528664,0.102493,0.070157066,0.14152752,0.27874213,0.17750129,0.17707771,-0.0034014639,0.25853598,0.38608986,0.5216301,0.39606723,0.34228775,0.3806936,0.48298088,0.28168526,0.36211866,0.35213426,0.52619785,0.2319049,0.46167916,0.24567965,0.37160286,0.43146014,0.5623188,0.32111314,0.6318987,0.3117169,0.6417501,-0.056943856,0.47773233,0.14432162,0.48807192,0.30962563,0.28686282,0.4983357,0.59623885,-0.048074402,0.38606584,-0.10132042,0.30011803,-0.10069414,0.14949332,0.06532018,0.32429704,-0.1330154,0.4057021,-0.15111251,0.4845099,0.24457899,0.44209674,-0.22856557,0.49124873,0.0015314539,0.25847042,-0.027042655,0.2673952,0.2774411,0.34392962,0.24784674,0.039697725,0.14485608,0.25347552,0.17483185,0.30860916,0.32314834,0.2910865,0.11788847,-0.15425333,0.33078116,0.2670953,0.27119482,0.16626117,0.12466444,-0.0031523062,-0.028188268,0.3527877,0.11250757,0.01452047,0.15115127,0.25852126,0.19733714,-0.31159088
0.18307252,0.7525706,0.24250224,0.4712073,0.2648886,0.2151675,0.31257594,0.63238615,0.15829255,0.39114553,0.0032988088,0.58724356,0.22139725,0.64328974,0.007615038,0.4659463,-0.0070535922,0.4573077,0.63762426,1.0,0.17616436,0.13655125,0.25428373,0.38335162,0.22041854,0.16958545,0.13811974,0.19429332,-0.02973755,0.49276397,0.20404588,0.22654738,0.3643082,0.55068195,0.019304203,0.00094164774,0.12936994,0.19271506,0.08489727,0.09334423,-0.2026905,0.08089505,0.3620631,0.40167722,0.31258652,0.36593825,0.427297,0.48442683,0.25808492,0.3630817,0.27147487,0.38374248,0.24862678,0.37905478,0.2269055,0.33118734,0.13753822,0.5964471,0.13661197,0.5236708,0.14533688,0.69430715,-0.013732355,0.60852337,0.071263894,0.4198737,0.12508205,0.18818207,0.3260248,0.5448407,-0.010834118,0.3457094,0.16475561,0.37547705,0.10725587,0.2616499,0.18124858,0.47736967,-0.013854259,0.39717492,-0.17469133,0.48331884,0.15507463,0.42904603,-0.24833828,0.45482817,-0.05361716,0.27421927,-0.09908161,0.19308193,0.17605212,0.2437115,0.26160708,0.14596537,0.05022453,0.21515341,0.17659158,0.4312312,0.32365525,0.21303993,0.36568612,0.048840046,0.3967871,0.17500068,0.24021153,0.13207869,0.03106773,0.15662327,-0.15663542,0.3336176,0.22467847,0.14309165,0.14173453,0.19138405,0.21713956,-0.0680655
0.08133589,0.27359018,0.46070805,0.42471936,0.43927544,0.2127874,0.38279095,0.42368618,0.2515174,0.0607664,-0.20691164,0.2971031,0.09061317,0.29797328,0.41629934,0.3665992,-0.23652676,0.25572026,0.40478712,0.17616436,1.0,0.4441289,0.4635794,0.43848145,0.4743013,0.43929303,0.44342998,0.35815144,-0.31807122,0.37324852,0.35326806,0.26758125,0.19186321,0.31020164,0.19227329,0.34847265,0.39625812,0.42469466,0.40010935,0.2391682,0.25849327,0.3516696,0.2772876,0.4049091,0.19255416,0.13055654,0.15450823,0.13298921,-0.028035592,0.0657859,0.07426308,0.26599398,0.09649562,0.18513127,0.13981031,0.2023722,0.05222172,0.2970304,0.11382887,0.26667854,-0.10390796,0.24766897,-0.16548774,0.25965655,0.008408089,0.42877784,0.2977642,0.3097962,0.121195026,0.11087117,0.12851283,0.25887722,-0.18602517,0.2462339,-0.10491396,0.3141407,0.05056497,0.16348282,-0.19817199,0.3448775,-0.15078487,0.18548124,0.43336552,0.42049333,-0.12330658,0.37368286,0.093556456,0.22481366,0.12225244,0.2648411,0.20259862,0.17286216,0.23623648,0.08620434,0.2600625,0.3549914,0.21300219,-0.023170726,0.22878839,0.16304332,-0.12634216,-0.15277241,0.042188015,0.14044932,0.08202228,-0.011385221,0.10855676,-0.09209133,-0.06165523,0.33817536,-0.020908596,-0.08011899,-0.08473439,0.15033548,0.028083345,-0.21077572
0.16708672,0.31100714,0.30819476,0.43278295,0.4379693,0.56770754,0.3003637,0.23955192,0.31040123,0.30968508,-0.10951556,0.0690324,-0.041768763,0.078653134,0.33275443,0.33839226,-0.37970465,0.22263716,0.1921091,0.13655125,0.4441289,1.0,0.26219705,0.33660358,0.3771437,0.44726586,0.64327514,0.603507,-0.11077207,0.2653931,0.3201031,0.2757816,0.36884007,0.28859806,0.3862829,0.32223198,0.32278797,0.2864783,0.33506256,0.525,0.2846189,0.35580507,0.32433328,0.26936096,0.36826962,0.4277827,0.27556044,0.2891136,0.21748053,0.22817744,0.30611032,0.33884382,0.37819394,0.2126791,0.28532818,0.29334545,0.17413224,0.3443237,0.15263306,0.160713,-0.034787998,0.103335634,-0.165334,0.15003163,0.11182528,0.36957565,0.33856922,0.36307964,0.32003054,0.26429904,0.1607063,0.40634814,0.06859947,0.14235029,-0.04293322,0.1680283,-0.015995828,0.08026808,0.09510095,0.37046054,-0.24407166,0.3685919,0.37864798,0.35848916,0.0891185,0.45253477,0.002821301,0.41353965,0.18557869,0.52339435,0.05360606,0.16704564,0.13926882,0.16244188,0.16639395,0.23289616,0.17949557,0.01587016,0.010585192,0.09845253,0.116087675,0.195451,0.081793174,0.17838465,0.116784915,-0.018287633,-0.034478817,0.108981885,-0.03543962,0.081409656,-0.07934934,0.10785889,-0.093917385,-0.016595507,0.094114736,0.029010363
0.48745507,0.29253876,0.8295529,0.60222363,0.49495408,0.27721724,0.784115,0.5629405,0.47509536,0.31131384,0.20205183,0.29001355,0.5304503,0.45186192,0.24906078,0.43598163,0.114247486,0.13910682,0.53307474,0.25428373,0.4635794,0.26219705,1.0,0.6789594,0.73295426,0.56199217,0.4483069,0.41150972,-0.24453798,0.21363302,0.65197176,0.5176975,0.49335784,0.3708177,0.33688948,0.21533,0.07662615,0.2556038,0.14974335,0.09106688,0.13176285,0.16255954,0.41953194,0.46164992,0.43656123,0.2271142,0.21550474,0.24307013,0.29232758,0.21619368,0.14930122,0.3348458,0.19939658,0.12377869,0.06747918,0.17281346,0.41562268,0.2935883,0.3118504,0.43433535,0.2337711,0.39102784,-0.143814,0.18140273,0.2264412,0.57687694,0.44275203,0.32309467,0.4188531,0.37156042,-0.19294551,0.35136423,-0.1258934,0.019636286,-0.06383115,0.16103552,0.17138672,0.09767961,-0.10831466,0.13514766,-0.33826923,0.16812801,0.2207258,0.30713588,-0.27444372,0.41275087,-0.05736278,0.19527325,-0.098432586,0.19695011,0.45333877,0.32198617,0.39066872,0.21341264,-0.07638694,0.14620599,-0.0007310927,-0.04545992,0.22450867,0.2653274,-0.04695656,-0.055913325,0.076562755,0.18513954,0.19243178,0.15514891,0.10355477,0.14884079,-0.06702562,0.1500677,0.060712878,-0.0069418293,0.09500044,0.11705558,0.24268351,-0.17454463
0.31940547,0.34621406,0.7264281,0.75583,0.40225777,0.55347705,0.53787524,0.7066409,0.38447356,0.4783646,0.07594945,0.45463878,0.28746575,0.55168134,0.1100424,0.55788743,-0.013008897,0.17332207,0.48729816,0.38335162,0.43848145,0.33660358,0.6789594,1.0,0.67267084,0.750907,0.5057697,0.47241864,-0.18188441,0.30743226,0.6612758,0.7370639,0.6402977,0.62396574,0.5278485,0.41668978,0.09160783,0.3046993,0.3079678,0.26675048,-0.004936617,0.13045424,0.609918,0.62917376,0.46474484,0.28861412,0.30974,0.35003647,0.2554847,0.057584107,0.1051895,0.32207158,0.21234699,0.045107417,0.19874379,0.23722059,0.3357248,0.30007574,0.17676754,0.32180056,0.18767107,0.4686307,-0.13936293,0.35368094,0.21361844,0.7639368,0.5458776,0.50007,0.19165356,0.28181168,-0.29468182,0.6447238,-0.0641236,0.19035597,0.05581566,0.32176784,0.2633935,0.47125053,0.096092,0.29408002,-0.35958594,0.39848444,0.31016237,0.3652675,-0.19647995,0.6253014,-0.06977033,0.33948687,-0.15408823,0.35602355,0.50803924,0.3490133,0.59067726,0.22301081,0.09524064,0.309214,0.26640067,0.12520912,0.3537854,0.35115838,0.2629275,0.04407581,0.3365522,0.3142105,0.45950276,0.2418103,0.28066364,0.4439826,0.13524303,0.42905,0.3151253,0.27331704,0.1428334,0.34323788,0.4973631,-0.11948853
0.2885435,0.26845145,0.70834863,0.6340111,0.5242007,0.307614,0.60807973,0.44631886,0.36006147,0.17326906,0.08136526,0.102118425,0.31797168,0.3072539,0.2930083,0.26497626,0.0039798175,0.096303895,0.32980818,0.22041854,0.4743013,0.3771437,0.73295426,0.67267084,1.0,0.73686475,0.57114637,0.560719,-0.14255074,0.14825581,0.57770175,0.5409468,0.46662882,0.4368212,0.6190662,0.49273148,0.20587629,0.35214457,0.33325604,0.12759793,0.065342486,0.18732819,0.45617393,0.46452826,0.4538978,0.30353415,0.23814973,0.24926654,0.20941208,0.16252853,0.11224312,0.24910271,0.08204291,0.032780085,0.023084452,0.119249664,0.19499953,0.2647392,0.1103174,0.21504954,0.110984705,0.21537334,-0.117646,0.032005887,0.3844326,0.6472005,0.558838,0.525002,0.3184005,0.25257453,-0.04811725,0.34955704,0.07069751,0.09666785,0.15263775,0.32005373,0.30817124,0.20025668,-0.06609254,0.1281019,-0.28588334,0.1696292,0.19636497,0.33803117,-0.24914727,0.49972454,-0.13281603,0.31349018,-0.0607454,0.21588646,0.44414553,0.38190398,0.5236963,0.36576304,0.10573798,0.21351673,0.09136535,-0.10578561,0.17913572,0.2543,0.03039118,-0.017813986,-0.027186899,0.088885754,0.25554645,0.22929,0.13729203,0.23198962,-0.11968028,0.24504435,0.10239777,0.1342085,0.10439721,0.24909873,0.33500928,-0.035393253
0.16322683,0.2520067,0.6119885,0.7796048,0.46284905,0.53635347,0.39820808,0.5041045,0.18879916,0.23343259,-0.15717667,0.16534236,-0.01455413,0.27212694,0.20149197,0.3335823,-0.18049824,0.14937136,0.31496298,0.16958545,0.43929303,0.44726586,0.56199217,0.750907,0.73686475,1.0,0.53983223,0.62213707,-0.3618235,0.16076508,0.6292313,0.7339077,0.6599366,0.5992319,0.775135,0.69842976,0.263017,0.41985068,0.48578212,0.34788328,0.09221271,0.2984298,0.5923987,0.58244956,0.5413758,0.26262826,0.22287387,0.291357,0.21678588,0.0464837,0.12967964,0.308795,0.08232753,0.06881474,0.1270363,0.18457521,0.19474682,0.21334144,0.13088143,0.19638021,0.14549759,0.224533,-0.025589112,0.080672175,0.44696605,0.752781,0.75815386,0.75549763,0.19316308,0.2572595,-0.13248439,0.53400904,-0.03819605,0.20709611,0.05272424,0.36909705,0.23721845,0.41837564,0.095385574,0.23283406,-0.15323886,0.33919173,0.2301531,0.37755856,-0.08220486,0.67710257,0.039467365,0.43995532,0.06713379,0.3891144,0.59908295,0.5291574,0.6932878,0.41316327,0.25388622,0.30451506,0.3364821,-0.007936819,0.36908466,0.41962507,0.17443283,0.07303863,0.18151893,0.2590566,0.4764699,0.38947293,0.33301407,0.36847916,0.12895232,0.32731265,0.2632313,0.27048835,0.19615553,0.41303852,0.5805078,0.0013753755
0.2836222,0.20733243,0.47518614,0.4514978,0.5558097,0.67194414,0.3829447,0.2963411,0.48510152,0.49426696,-0.05997038,0.08418422,-0.018145084,0.23136267,0.35647744,0.52982706,-0.31552735,0.066441745,0.22713684,0.13811974,0.44342998,0.64327514,0.4483069,0.5057697,0.57114637,0.53983223,1.0,0.7828877,-0.20818418,0.18976344,0.32870036,0.3556968,0.290595,0.26904368,0.43067798,0.33483002,0.28580925,0.3083965,0.3623553,0.4889155,0.20101073,0.30326232,0.39103812,0.32938045,0.28076386,0.35131976,0.20475423,0.27972773,0.25554073,0.13424696,0.20299757,0.21351774,0.4589529,0.15148605,0.34405845,0.22855145,0.273102,0.25513592,0.17441246,0.17979544,0.00546933,0.1865132,-0.12982698,0.15317148,0.14554039,0.49005947,0.33845764,0.29293612,0.26358166,0.20202519,0.1989513,0.48246604,0.004802818,0.09566648,0.15699086,0.13368739,0.1260518,0.18503371,0.19519377,0.4240978,-0.15277728,0.36774805,0.36387634,0.33073482,0.2078323,0.48657826,-0.16318412,0.5003522,0.28153723,0.5995133,0.08985297,0.083735086,0.26045814,0.19043353,0.13213497,0.3397911,0.14956582,0.08712944,-0.017529888,0.023074904,0.23166081,0.21097848,0.07185679,0.15829697,0.1884922,0.026478063,0.097980395,0.22766182,0.045697108,0.17165896,-0.060452223,0.15608065,-0.08730018,0.0022984229,0.07183142,0.05521464
0.2579681,0.31513473,0.43613318,0.5522986,0.5682009,0.61625767,0.33227628,0.34831205,0.326224,0.45742074,-0.11694712,0.124731526,-0.09560619,0.32028946,0.42065668,0.4868061,-0.37164912,0.17594007,0.26902652,0.19429332,0.35815144,0.603507,0.41150972,0.47241864,0.560719,0.62213707,0.7828877,1.0,-0.31704086,0.22706087,0.2971484,0.37501457,0.41291228,0.36616397,0.5235995,0.42115137,0.3142331,0.36241373,0.48666775,0.4644316,0.25704506,0.39082053,0.40254563,0.37372163,0.38103604,0.33273914,0.20898019,0.33768836,0.21398793,0.17717284,0.28860494,0.25988534,0.35892335,0.18044163,0.32595628,0.26189056,0.25204143,0.31513503,0.12263341,0.24431473,0.093549155,0.2153989,-0.035349857,0.121607356,0.24007358,0.56342113,0.4454935,0.45691004,0.3616434,0.34494135,0.19258587,0.44505948,0.07513376,0.081979886,0.093719624,0.2430368,0.15261798,0.28416604,0.1458017,0.45149404,-0.08894403,0.4176859,0.3251552,0.43525794,0.13182773,0.5838913,-0.091681555,0.4653341,0.33099684,0.57292044,0.26394066,0.29820174,0.3905717,0.2943505,0.21090682,0.3367546,0.27006668,0.092446245,0.16107798,0.17056054,0.25854915,0.16924722,0.104893394,0.16437674,0.24614772,0.26041597,0.22912192,0.17970972,0.05816591,0.20859982,0.053068344,0.25208196,0.07033854,0.1596715,0.23354766,0.09318925
-0.07495387,-0.11726514,-0.3030523,-0.28480887,-0.40325263,-0.20031191,-0.2173898,-0.2439692,-0.1337742,-0.10312094,0.45341948,-0.18993492,0.16681597,-0.13648906,-0.28473726,-0.32900968,0.31608132,-0.18741953,-0.23941036,-0.02973755,-0.31807122,-0.11077207,-0.24453798,-0.18188441,-0.14255074,-0.3618235,-0.20818418,-0.31704086,1.0,-0.12734482,-0.22293945,-0.2863028,-0.21578683,-0.26007834,-0.21647038,-0.27115574,-0.5413696,-0.45409888,-0.51689476,-0.2585252,-0.33596158,-0.37920064,-0.38423026,-0.35071826,-0.3029474,-0.016855942,-0.10405649,-0.1395977,-0.11287,-0.063526034,-0.22725913,-0.12790522,-0.1696678,-0.31263047,-0.28151017,-0.24430375,-0.23468718,-0.13666317,-0.21316183,-0.31538293,-0.19689466,-0.24556443,-0.24974862,-0.06840185,-0.2939498,-0.33209884,-0.4010966,-0.36067697,-0.06791606,-0.1424465,0.14515541,-0.19788787,0.4403083,-0.11123644,0.1744059,-0.17343391,-0.10375695,-0.30616742,0.023948537,-0.13858281,-0.29932535,-0.120425105,-0.2409454,-0.36145505,-0.38845935,-0.37227428,-0.4041989,-0.26208782,-0.58774644,-0.40907925,-0.44441617,-0.54558915,-0.45410886,-0.46100384,-0.38374558,-0.34028757,-0.45980015,-0.17420651,-0.4891895,-0.46485758,-0.11915685,-0.16489752,-0.23056178,-0.38917273,-0.19801106,-0.28993922,-0.40960845,0.023056993,-0.18875669,-0.27753165,-0.08991898,-0.17075196,-0.27083012,-0.3533151,-0.3223097,0.05102379
-0.039535016,0.5573633,0.24324098,0.33128637,0.33783704,0.12581645,0.30403686,0.46723384,0.28488547,0.20736033,-0.19457561,0.48725373,0.044294566,0.44834298,0.26837,0.4507836,-0.10474006,0.5770569,0.41569775,0.49276397,0.37324852,0.2653931,0.21363302,0.30743226,0.14825581,0.16076508,0.18976344,0.22706087,-0.12734482,1.0,0.34961778,0.30258965,0.33604652,0.5275315,-0.005877831,0.10014885,0.3251997,0.3628782,0.23504159,0.26855242,-0.007824304,0.48206338,0.33115277,0.47309753,0.30387273,0.28601435,0.52082616,0.46960932,0.14141805,0.23309699,0.22635832,0.2620328,0.26881483,0.3875072,0.33128202,0.51678646,-0.0062635704,0.42244554,0.10012965,0.37298414,0.055793773,0.40135536,0.00032298057,0.5804533,0.010853708,0.2672685,0.12360139,0.22322844,0.12110333,0.33425942,0.008574118,0.28145215,-0.020268578,0.50238997,0.062198382,0.48396617,0.32938096,0.37935507,-0.03940084,0.5796817,-0.23537605,0.36038366,0.33430266,0.60983163,-0.18758458,0.4181321,-0.050480638,0.154452,0.053884197,0.2519031,0.25934696,0.27803847,0.19822131,0.09260897,0.33851635,0.30331644,0.3364605,0.19550085,0.5142971,0.36560395,0.19022374,0.0743655,0.3549548,0.21025711,0.115803316,0.011112096,0.09813374,0.076696865,-0.09592395,0.30283436,0.3251017,0.32083002,0.053794954,0.25924665,0.11254394,-0.09218603
0.10305992,0.23135373,0.60784066,0.58110106,0.3682929,0.3529764,0.5196063,0.48711652,0.36998597,0.23144686,-0.0878378,0.24468061,0.1902718,0.2643778,0.12439466,0.33706453,-0.0049735582,0.2722765,0.3635417,0.20404588,0.35326806,0.3201031,0.65197176,0.6612758,0.57770175,0.6292313,0.32870036,0.2971484,-0.22293945,0.34961778,1.0,0.7950863,0.6455363,0.62124825,0.44578227,0.37282863,0.14662279,0.20141052,0.21589349,0.15063708,-0.051098216,0.23677519,0.56425166,0.48314276,0.44431588,0.12362562,0.3128136,0.2435774,0.22206087,-0.010210592,-0.00451231,0.24611837,0.12408938,0.05007204,0.14444648,0.17229916,0.1549691,0.16232862,0.112830006,0.2134589,0.07117466,0.23940025,-0.09444779,0.24064925,0.25952002,0.47160026,0.5487568,0.4677008,0.13754794,0.22142802,-0.20447221,0.50922406,-0.11464298,0.25482744,-0.04348658,0.20626923,0.25765228,0.3403503,0.1274214,0.23916955,-0.35660112,0.2317314,0.15011828,0.29992265,-0.19371101,0.43784636,-0.00096675794,0.22169238,-0.06856975,0.1997824,0.48731226,0.43726286,0.4766976,0.27308053,0.15561105,0.12262666,0.25911772,-0.012748547,0.35726455,0.35307166,0.15162113,0.08913803,0.34489092,0.20333552,0.4509947,0.2447252,0.26155075,0.35313532,0.09658749,0.27002928,0.38488498,0.27529103,0.11618554,0.3092196,0.49119478,0.003906897
