0,1,2,3,4,5,6,7,8,9,10,11,12,13,14,15,16,17,18,19,20,21,22,23,24,25,26,27,28,29,30,31,32,33,34,35,36,37,38,39,40,41,42,43,44,45,46,47,48,49,50,51,52,53,54,55,56,57,58,59,60,61,62,63,64,65,66,67,68,69,70,71,72,73,74,75,76,77,78,79,80,81,82,83,84,85,86,87,88,89,90,91,92,93,94,95,96,97,98,99,100,101,102,103,104,105,106,107,108,109,110,111,112,113,114,115
1.0,-0.0014923814,0.7391893,0.17112559,0.26659623,0.081175454,0.74763435,0.09198451,0.43544024,0.13299741,0.6135168,-0.13939731,0.63197625,-0.008029074,0.50402534,0.123541035,0.61820847,-0.28657275,0.6562865,0.13304107,0.3328565,0.16363011,0.67877644,0.18909371,0.25121418,0.1126858,0.4262102,0.2651736,0.7256504,0.06667962,0.66906714,0.2563781,0.30979,0.0829529,0.09020541,0.17326388,0.18540314,0.09187033,0.009234871,0.09882065,0.45550144,-0.089132294,-0.07566684,-0.08483219,-0.21643637,-0.27002683,-0.1821358,-0.25088382,-0.2683288,-0.19186969,-0.33712906,-0.042852934,-0.27960065,-0.07030898,-0.3416107,-0.2543042,0.8412045,-0.102477446,0.3379768,-0.10591972,0.6271116,0.21783899,0.6285062,0.0063362834,0.39533216,0.23045053,0.20288344,0.03810839,0.5971026,-0.09655311,0.6123949,0.1943603,0.59565556,0.0922527,0.20236948,0.22512671,0.14715675,0.11998883,0.554358,-0.11121366,0.7751107,-0.1323632,0.15732312,-0.1440722,0.35845652,-0.00982142,0.38446197,0.21939412,0.15323462,-0.014191538,0.22524075,-0.032977708,0.09383475,0.03333366,0.19982837,0.21542612,0.17799683,-0.04317774,0.1151319,0.038783833,0.19125327,0.15564992,-0.019650007,-0.1226155,-0.0682818,0.06858048,-0.14302666,0.11873156,0.13592166,0.1524919,0.041196086,-0.004461913,0.065835945,0.19076966,0.18436201,0.023751345
-0.0014923814,1.0,0.12253849,0.40092218,-0.26254824,0.066015,0.092409484,0.40683523,-0.12166107,0.30826256,-0.4474885,0.21477462,-0.40685505,0.21130908,-0.31979665,0.25735083,-0.22731197,0.3676421,-0.081027366,0.7246479,-0.11725743,0.044368353,0.12535602,0.19412328,-0.37294167,-0.09315088,0.10477399,0.15117484,-0.22956426,0.6066254,0.17330195,0.3335033,-0.41896808,0.45311013,0.017904118,0.18954578,-0.12714544,0.35441554,0.10755337,0.38425934,0.16229676,0.5098984,0.27967796,0.16356538,0.26129904,0.13440293,0.3604197,0.24761198,0.33449838,0.43547785,0.13032433,0.48721507,0.57574946,0.5087728,0.19427074,0.3572829,-0.087030776,0.7622221,-0.25305316,0.38714486,-0.23656283,0.2698173,-0.44541964,0.52233785,-0.3931535,0.039474595,-0.22467428,-0.014029721,-0.20790555,0.6642698,-0.039783828,0.10631721,-0.12639853,0.60673666,-0.08495252,0.32017416,0.053938206,0.37687224,-0.1951783,0.29263103,-0.23274827,0.71636355,-0.25646302,0.30990943,-0.4058091,0.3554889,0.13822013,0.37788653,0.3762244,0.39248523,0.16537327,-0.2739375,0.09561984,-0.10736687,0.28788486,0.45247227,0.15649599,0.16568193,0.17616431,0.06588941,0.28929725,0.2121329,0.25927776,0.064948946,0.25511658,0.21949755,-0.029815074,0.10668661,0.39051482,0.25145724,0.14035241,-0.09146435,-0.004520834,0.37138575,0.12096399,-0.19209701
0.7391893,0.12253849,1.0,0.13372925,0.18024412,-0.014776192,0.8147399,0.041942816,0.36035618,0.10530281,0.3948308,-0.18777776,0.50447667,-0.13851388,0.3735718,0.09313754,0.47379977,-0.18669918,0.5854641,0.23384376,0.36440185,0.18946639,0.73109436,0.05286773,0.15182109,-0.022121152,0.44059637,0.26529467,0.6060506,0.15350659,0.745766,0.2304073,0.30508295,0.17875122,-0.06538151,0.053061914,-0.046971876,-0.008010486,-0.044297203,0.07427193,0.45499364,-0.10060339,-0.19637118,-0.21682286,-0.25830334,-0.320598,-0.28025228,-0.37214577,-0.22081396,-0.14609486,-0.23690465,-0.02438335,-0.18348986,0.0765341,-0.32580534,-0.24884573,0.72017014,0.03421175,0.47895235,-0.17716193,0.68032897,0.10865333,0.430427,0.089140974,0.39472994,0.015009335,0.07735956,-0.117591165,0.5415113,-0.008131982,0.5324219,0.12829337,0.46793535,0.14937495,0.26633543,0.29559982,0.034474775,-0.039669786,0.5403016,-0.1121747,0.6769655,0.02481891,0.06793618,-0.014343921,0.45720398,-0.015873797,0.49766824,0.22547117,0.20340462,0.03437845,0.086101525,-0.25994357,0.019893222,-0.14130454,0.17320411,0.23936248,0.0033774495,0.023331655,-0.0124010835,0.022872955,0.21459393,0.14574467,0.028787432,-0.15612322,-0.15826246,-0.009674183,-0.23348637,0.08695012,0.23391476,0.07751091,-0.1296652,-0.06893771,0.037002355,0.22420168,0.04421848,-0.059644908
0.17112559,0.40092218,0.13372925,1.0,-0.055362735,0.5086146,0.07466407,0.79897594,0.11165387,0.45812622,-0.11478878,0.24450605,-0.19435894,0.24451913,0.07615323,0.509006,-0.08985692,-0.13313085,0.2730138,0.58583146,0.034270294,0.26372516,0.3485841,0.77383184,0.045188293,0.42247412,0.2794704,0.3347513,-0.025201576,0.3183751,0.24906579,0.6975591,-0.2754752,0.53529316,0.50614285,0.58765745,0.18706797,0.2317883,0.2918157,0.40990597,0.2601142,0.14928183,0.37339064,0.39070132,0.13940471,0.24874504,0.1985561,0.21031906,0.20293431,0.28122604,-0.09417961,0.37237844,0.14377958,0.28548485,0.1493712,0.28284404,0.12205372,0.30392024,-0.26220104,0.46270195,-0.23480321,0.521113,-0.15421532,0.32244462,-0.26147825,0.6432899,0.3008782,0.57092726,0.047776457,0.4430125,0.12509215,0.39049125,-0.05193817,0.36137083,-0.075844616,0.37469777,0.17639586,0.4528864,-0.083397694,0.09535872,0.036422197,0.19172002,0.011380267,0.048080888,-0.24454948,0.50052506,0.13224442,0.28980297,0.42614642,0.433476,0.57552516,0.17206547,0.6054156,0.2531349,0.4089839,0.42672947,0.16757265,0.076644115,0.42810193,0.17423733,0.55911607,0.41735038,0.110644236,0.1221293,0.38381144,0.31576976,0.2289331,0.31810603,0.33481994,0.24687791,-0.018331816,-0.1587078,-0.013693903,0.2992772,0.15935475,-0.04134919
0.26659623,-0.26254824,0.18024412,-0.055362735,1.0,0.2151491,0.35396853,-0.12674522,0.7393252,-0.12687463,0.5295905,-0.021282876,0.47908217,-0.3054864,0.75072134,0.036253855,-0.105524875,-0.27332652,0.45152903,-0.008677824,0.49544245,0.32352707,0.014994911,0.022253469,0.8029381,0.55952924,0.46416524,0.24877977,0.26756835,-0.15615577,0.16066875,0.115213834,0.5448134,-0.14276075,0.09472994,-0.10719433,0.4026336,-0.45404232,0.38961476,0.21794893,0.0007438926,-0.31803015,-0.022853872,-0.11573641,0.10202803,0.143665,-0.11746516,0.032399833,-0.09979796,-0.17655188,0.063468285,-0.099205546,-0.013591078,-0.005747428,0.33990005,0.23675899,0.32546765,-0.135918,0.27160513,0.004548312,0.20125206,-0.11075237,0.30000094,-0.13993083,0.10213433,-0.06699723,0.22728847,0.16201173,0.30798373,-0.17386961,0.3673487,0.40531465,0.3606577,-0.14027865,0.4042048,0.005990526,0.2427198,-0.017239327,0.4860784,0.41830742,0.29465187,-0.3802173,0.7486176,0.30318648,0.32468456,0.2623602,-0.13069567,-0.34457234,-0.026640369,0.2364415,-0.17268895,0.3091967,-0.08061627,0.24834509,0.23172282,-0.008787885,0.15887585,0.25020522,-0.11416833,0.02053879,0.062025633,-0.0370341,0.3169415,0.28224427,0.024030168,0.05603741,0.22691669,0.11619295,-0.0088718515,0.3283976,-0.20812516,0.17020088,-0.024896525,-0.3426675,-0.10934511,0.18484394
0.081175454,0.066015,-0.014776192,0.5086146,0.2151491,1.0,0.0023335204,0.44035888,0.36701423,0.6015159,-0.007493613,0.066568024,-0.15447332,-0.0100679705,0.29235375,0.560385,-0.14922106,-0.3008609,0.19903584,0.25138065,0.33346808,0.5630771,0.13038807,0.4503916,0.2346436,0.5618679,0.5039116,0.59569067,-0.08611019,0.121689245,0.2187401,0.51810515,-0.020688571,0.20673248,0.29141435,0.30128077,0.14333463,-0.044129975,0.3450676,0.29929537,0.20643318,0.06425706,0.37846312,0.38040742,0.2360968,0.36479318,0.29690272,0.29570654,0.21008554,0.36127323,0.07757152,0.3081391,0.09016464,0.2881802,0.24342278,0.3412085,0.04227475,0.061786175,-0.18055664,0.3735486,-0.2469424,0.28500918,-0.10932149,0.05488143,-0.12687175,0.34101418,0.21436769,0.39074555,-0.03883739,0.25034255,0.22151567,0.47348747,-0.16929986,0.19769111,-0.0014087991,0.31125966,-0.022448892,0.23555532,0.07786128,0.20534597,0.035673387,-0.008086883,0.121390805,0.13503541,-0.04365361,0.36881554,0.04898798,-0.0016639205,0.29730362,0.3787538,0.38186082,0.31855145,0.39782324,0.2539582,0.3091775,0.27334923,0.1358181,0.07877463,0.34731212,0.2820455,0.3997302,0.3777631,0.04391121,0.21502535,0.26923448,0.20909537,0.22663255,0.29356298,0.20936994,0.24621378,0.026661059,0.055679206,0.14570667,0.12402248,0.05042008,0.045058567
0.74763435,0.092409484,0.8147399,0.07466407,0.35396853,0.0023335204,1.0,-0.013264734,0.47861513,0.015343591,0.49603322,-0.16388048,0.6104493,-0.21278226,0.47954357,0.037873097,0.4452742,-0.05855755,0.7165201,0.21259044,0.41101834,0.17239782,0.63246137,0.07410185,0.26493308,0.028086947,0.4596018,0.22530252,0.618096,0.15161012,0.6233897,0.19619676,0.43190402,0.04779049,-0.07544808,0.013960247,0.09807406,-0.009904741,-0.019577065,0.078488536,0.45675948,-0.14542632,-0.15580972,-0.20902504,-0.15770102,-0.23314069,-0.24512017,-0.28171098,-0.16992052,-0.17510736,-0.20511036,-0.06489539,-0.14657912,0.11252238,-0.28728616,-0.20531324,0.74840045,0.05931149,0.4678528,-0.13665856,0.62360036,0.09771074,0.53103834,0.12198682,0.3925919,-0.06970227,0.017454254,-0.14113206,0.6686633,0.07067848,0.5398802,0.21318728,0.530578,0.1641454,0.30670133,0.19436373,0.18006855,-0.010457472,0.5155932,-0.011946927,0.6893901,-0.0051828334,0.20569807,0.067228824,0.44092727,-0.05358956,0.48751462,0.23603845,0.24288087,0.053293053,0.054520812,-0.18701603,0.006069842,-0.055395123,0.189,0.16388205,0.056078278,-0.03462247,-0.04153609,0.0016345957,0.13341491,0.09868134,-0.026664313,-0.21291858,-0.21401757,-0.06743246,-0.30510437,-0.04848285,0.09009778,0.096306875,-0.14318153,-0.053621523,-0.042056274,0.23374943,0.07137746,-0.011565029
0.09198451,0.40683523,0.041942816,0.79897594,-0.12674522,0.44035888,-0.013264734,1.0,0.081562735,0.4828251,-0.16848326,0.3939605,-0.23504105,0.40135756,0.0405803,0.4472416,-0.10701243,-0.032744076,0.1364885,0.4889713,0.015921175,0.18304482,0.30289596,0.6183386,-0.04520318,0.25338802,0.15096326,0.146455,-0.11801878,0.30403152,0.17234194,0.6493894,-0.33070314,0.50233555,0.39735302,0.43438795,0.25319993,0.2760565,0.3130559,0.4154481,0.21955596,0.22381759,0.33384532,0.3354608,0.08843477,0.15304422,0.15773363,0.19749351,0.16045019,0.2842655,-0.04383111,0.4366877,0.16268538,0.26517037,0.19251293,0.3079128,0.049667854,0.25960326,-0.28248164,0.602488,-0.26991457,0.68907386,-0.21666808,0.35628548,-0.19447109,0.6245513,0.21590032,0.54367507,-0.050829284,0.3807417,0.087454915,0.29429385,-0.07579013,0.35650086,-0.100926824,0.3168822,0.17361088,0.54197747,-0.16135994,0.112025715,-0.04446168,0.2767317,-0.0122836325,0.07919541,-0.24466677,0.45387068,0.025876483,0.15281707,0.39223975,0.42683756,0.5342047,0.12823969,0.59407437,0.19728407,0.36889914,0.37436852,0.23116186,0.10218922,0.48485532,0.11675103,0.5885552,0.38339657,0.17155683,0.15084268,0.48583272,0.30410403,0.30581218,0.3932572,0.35629937,0.23958,0.03205066,-0.08934738,0.052186757,0.25410947,0.15449661,-0.012488515
0.43544024,-0.12166107,0.36035618,0.11165387,0.7393252,0.36701423,0.47861513,0.081562735,1.0,0.101793766,0.5487035,0.007120103,0.45381993,-0.23465937,0.77059776,0.16078515,0.06804066,-0.33269408,0.5257843,0.10435813,0.63415617,0.485288,0.21584578,0.13990098,0.5875052,0.48658386,0.59838,0.38783073,0.308017,-0.09716306,0.39176184,0.2730283,0.50918645,0.004217473,0.06860921,-0.04021975,0.29421508,-0.3518854,0.25186232,0.17590742,0.19696203,-0.22882654,-0.016487759,-0.103134915,-0.010318667,0.015295433,-0.11663141,-0.049788967,-0.1630068,-0.11643483,-0.0087333,-0.027494479,-0.097749464,0.053043596,0.15605749,0.08789737,0.43061852,-0.06430906,0.2507665,0.053434946,0.28604627,0.05480018,0.3053065,-0.0355307,0.17337987,0.039987583,0.1698589,0.18280022,0.36298588,-0.06202161,0.49408388,0.46943212,0.29743764,0.022844471,0.31362358,0.13837233,0.20251164,0.08643528,0.5006799,0.27456287,0.41467994,-0.24535726,0.5837456,0.243868,0.30684894,0.28882107,-0.00060951733,-0.19649561,0.11812027,0.26493385,0.053365547,0.1549566,0.059299447,0.15821458,0.2532946,0.10798917,0.15542006,0.11174681,0.017083013,0.029373365,0.20180702,0.05861013,0.25587764,0.19239505,0.073481515,0.0041872594,0.18357678,0.1143243,0.0698097,0.31637016,-0.19414175,0.13201703,0.016919443,-0.14425084,-0.07522081,0.16838112
0.13299741,0.30826256,0.10530281,0.45812622,-0.12687463,0.6015159,0.015343591,0.4828251,0.101793766,1.0,-0.1632722,0.08878557,-0.2793679,0.25216752,0.0059470697,0.6761987,0.03291179,-0.20405655,0.007291748,0.26721132,0.118397914,0.43313354,0.24169171,0.37205404,-0.09716174,0.2699641,0.3643818,0.49046457,-0.079405904,0.25884536,0.36994845,0.44254404,-0.24448307,0.2812041,0.20112081,0.24241948,-0.041495726,0.25588578,0.22158001,0.24494527,0.24331653,0.3361645,0.2787051,0.26306394,0.048375297,0.077676125,0.18702069,0.15101625,0.11978895,0.3348943,-0.10302007,0.33958498,0.1517217,0.23870517,0.04516738,0.20382279,0.067416385,0.11972252,-0.29360348,0.2898787,-0.1433674,0.41731632,-0.13815206,0.107677855,-0.094637066,0.40410247,0.036205288,0.12537016,-0.1848787,0.23453237,0.17811695,0.3316248,-0.24340266,0.37671193,-0.11688599,0.35515645,-0.06817651,0.3391675,-0.066692546,0.13640518,-0.016611362,0.25772947,-0.14751786,0.048867542,-0.20606947,0.30960906,0.14103287,0.21147847,0.36706448,0.4060735,0.49928305,0.08206731,0.42898065,0.15425019,0.26576874,0.31966403,0.11968588,0.09340031,0.32460698,0.30052656,0.38144794,0.41952828,0.085153826,0.13284247,0.33617207,0.22263198,0.17824338,0.4034493,0.45175952,0.24486193,0.07891711,0.010447756,0.32469416,0.21906136,0.20312506,0.011746323
0.6135168,-0.4474885,0.3948308,-0.11478878,0.5295905,-0.007493613,0.49603322,-0.16848326,0.5487035,-0.1632722,1.0,-0.078090854,0.80096716,-0.1046336,0.6459302,-0.11065864,0.5065595,-0.28162536,0.58254844,-0.21152167,0.34476298,0.0862292,0.3444624,0.025459325,0.5086273,0.22451594,0.29160085,0.0847623,0.6393746,-0.266144,0.31524077,-0.02477319,0.61663556,-0.20770203,0.013158572,-0.07740557,0.3265405,-0.14283158,0.0050988523,-0.084095456,0.1883272,-0.3231865,-0.16067342,-0.12059374,-0.18035822,-0.16561374,-0.22723885,-0.21344467,-0.23851663,-0.3449296,-0.2026552,-0.2752524,-0.366357,-0.24530844,-0.17956549,-0.25253016,0.67062074,-0.34967488,0.40626365,-0.2427692,0.58234817,-0.017308822,0.7583093,-0.17272097,0.5038572,0.036815852,0.2237036,0.0063650585,0.6083646,-0.364903,0.4269051,0.2031267,0.5354974,-0.2391721,0.21424504,0.03803191,0.23889078,-0.040792033,0.45429653,-0.1510791,0.65119153,-0.49597728,0.41044855,-0.15747292,0.50413185,-0.13226618,0.12268489,-0.03145517,-0.04945094,-0.11123417,0.06326174,0.22367364,0.008522746,0.17679541,0.0093874885,-0.16265112,0.081120275,-0.022507956,0.03308427,-0.006720309,-0.036819402,-0.0154818455,-0.013750025,-0.064258076,-0.1574838,0.0072759464,-0.0055188797,-0.043771986,-0.18379125,0.03825349,-0.08230864,0.13762958,0.07390807,-0.104445286,0.03159039,0.21755144
-0.13939731,0.21477462,-0.18777776,0.24450605,-0.021282876,0.066568024,-0.16388048,0.3939605,0.007120103,0.08878557,-0.078090854,1.0,-0.16496648,0.5873312,-0.0052817822,0.14986655,-0.1849604,0.33862388,0.018438946,0.24122518,-0.20163007,-0.088381305,-0.1340397,0.27822584,0.058355153,0.054576926,-0.20925745,-0.2798289,-0.2620109,0.2803548,-0.20814513,0.21197753,-0.05512277,0.25864118,-0.00031569367,-0.009968624,0.31427732,0.1939431,0.18169032,0.1757272,-0.042287834,0.29643685,0.16482455,0.17250238,0.15042603,0.18206452,0.21885028,0.21237983,0.18279041,0.12461346,0.100544676,0.16185847,0.19970663,0.020795409,0.30760697,0.253361,-0.18304724,0.22304197,-0.17625278,0.4617739,-0.23534836,0.39681056,-0.17008458,0.5075348,-0.21198641,0.079019755,-0.12139391,0.13575406,-0.07422229,0.1661113,-0.07684006,-0.004248258,-0.00084907806,0.14514789,0.012233306,0.05307846,0.3381496,0.42110553,-0.1418603,0.21046035,-0.20584977,0.18148896,0.095347986,0.17649962,-0.26983282,0.22078817,-0.19352354,-0.1376668,-0.04927695,0.103755176,0.053371545,0.03754348,0.0320141,0.0046394956,0.045461137,0.07241603,0.25092715,0.097265884,0.13353792,-0.2069802,0.124387994,-0.08796353,0.22791931,0.12373337,0.30291143,0.04936911,0.32306176,0.075553775,0.0038900515,0.089770734,0.106245905,-0.16025616,-0.21964827,-0.12812336,0.020234575,-0.052476443
0.63197625,-0.40685505,0.50447667,-0.19435894,0.47908217,-0.15447332,0.6104493,-0.23504105,0.45381993,-0.2793679,0.80096716,-0.16496648,1.0,-0.20138226,0.57952386,-0.25511482,0.5636711,-0.19670947,0.5811715,-0.21591313,0.2605094,0.014382951,0.40959188,-0.084421664,0.45707083,0.081829175,0.23387739,-0.03381464,0.6729127,-0.25433093,0.36704376,-0.10465892,0.59535027,-0.16187419,-0.015146836,-0.071536176,0.24465242,-0.15983492,-0.11158125,-0.10380434,0.24019663,-0.40390238,-0.21928495,-0.2101432,-0.18341054,-0.2019667,-0.32015005,-0.28687987,-0.21719234,-0.293254,-0.14979106,-0.22068042,-0.3825475,-0.22092861,-0.2733495,-0.3202192,0.6994968,-0.38611963,0.47322983,-0.32166126,0.65113556,-0.061047263,0.79824275,-0.14064664,0.5969232,-0.0463837,0.19721933,-0.033585187,0.6565741,-0.37912512,0.3925156,0.12159738,0.6075697,-0.27916488,0.31145412,-0.08859154,0.1554713,-0.19464703,0.4171447,-0.21229495,0.67141575,-0.43713632,0.27403647,-0.1937293,0.562344,-0.26228577,0.24708201,-0.02027031,-0.049359918,-0.21434344,-0.020500429,0.11493828,-0.0440525,0.090559244,-0.049291134,-0.22291254,0.06605554,-0.11025554,-0.023501957,-0.010001609,-0.10212029,-0.058915295,-0.08722078,-0.21160284,-0.23618148,-0.065081,-0.11544041,-0.12992474,-0.19970216,-0.023558365,-0.087975316,0.1581973,0.02867343,-0.0401759,0.05688593,0.12210009
-0.008029074,0.21130908,-0.13851388,0.24451913,-0.3054864,-0.0100679705,-0.21278226,0.40135756,-0.23465937,0.25216752,-0.1046336,0.5873312,-0.20138226,1.0,-0.20153166,0.3330592,0.064840436,0.19880205,-0.08757642,0.048019752,-0.28905326,-0.11435185,0.01724374,0.29700145,-0.21152027,-0.072496995,-0.26109457,-0.17017314,-0.09524487,0.20379613,-0.03622295,0.22432941,-0.2474208,0.27146903,0.1114911,0.07590798,0.19205539,0.32185256,0.113298886,0.033701416,-0.056397982,0.3635463,0.21321103,0.24133296,0.073470436,0.10577052,0.19445564,0.18947643,0.13313982,0.07794304,-0.050091885,0.07684948,0.071302466,-0.10502635,0.05380007,0.06945425,-0.028837292,0.065409794,-0.19367903,0.24147908,-0.08386136,0.50571316,-0.09404672,0.25375548,-0.113308854,0.26625115,0.030660713,0.03427623,-0.09349032,0.037815314,-0.09028828,-0.05122957,0.027598293,0.18579134,-0.08580214,0.043092392,0.1761174,0.439112,-0.17892095,0.051530994,-0.12254271,0.27599475,-0.12761648,-0.15316427,-0.30237854,0.14265366,-0.16100949,0.018560218,-0.0283767,0.023598911,0.23444588,0.06558571,0.17456804,0.075114146,-0.010045044,0.10648637,0.15941142,0.021850836,0.2097855,-0.053557493,0.07330333,0.047623064,0.11791256,0.13358334,0.30142656,0.21712989,0.3406903,0.24948104,0.13257584,0.09157605,0.21278052,-0.06304049,0.0791497,0.03826556,0.25808477,0.014286058
0.50402534,-0.31979665,0.3735718,0.07615323,0.75072134,0.29235375,0.47954357,0.0405803,0.77059776,0.0059470697,0.6459302,-0.0052817822,0.57952386,-0.20153166,1.0,0.1156937,0.10741462,-0.46137482,0.5854896,-0.00926886,0.55764437,0.32366425,0.22891004,0.09501872,0.6743529,0.48524582,0.5312107,0.34342536,0.46284437,-0.15869363,0.36020723,0.2277759,0.56967854,-0.013732839,0.1308054,-0.05049033,0.43948194,-0.36268207,0.29611135,0.18827169,0.18086159,-0.29757002,-0.024234932,-0.12591928,-0.018519778,0.011764402,-0.17451921,-0.07129903,-0.27238184,-0.24273682,-0.18759371,-0.07820497,-0.21487889,-0.078720644,0.18231444,0.1041485,0.5303536,-0.24118222,0.2523986,0.06471948,0.35550648,0.05272263,0.44124705,-0.1393329,0.2844094,0.120909065,0.2816809,0.24609502,0.40452126,-0.29653028,0.5907084,0.46310955,0.48082313,-0.12064303,0.3853917,0.10317193,0.16718231,0.09766298,0.6108369,0.2901194,0.54169977,-0.4081302,0.6828633,0.15425643,0.40577343,0.2652633,-0.026647564,-0.34228924,0.010527541,0.19255304,-0.032968972,0.2698249,0.027646992,0.20188805,0.27693194,0.033737723,0.27042183,0.21131854,-0.04054602,0.007927232,0.1746511,0.037529845,0.25230026,0.20692164,0.012834297,0.029255323,0.19750589,0.18741651,0.08104315,0.33535507,-0.17392367,0.11098936,0.011944227,-0.28283066,-0.080208264,0.17940067
0.123541035,0.25735083,0.09313754,0.509006,0.036253855,0.560385,0.037873097,0.4472416,0.16078515,0.6761987,-0.11065864,0.14986655,-0.25511482,0.3330592,0.1156937,1.0,-0.08226042,-0.1714299,0.14784183,0.31349108,0.15210468,0.32826808,0.16551527,0.50355387,0.06242572,0.4399954,0.38955134,0.5179073,0.0050622644,0.34290838,0.32047877,0.53903663,-0.20127316,0.27222446,0.35719702,0.3239663,0.07608306,0.12871896,0.3675147,0.37075275,0.18895411,0.26901528,0.27006817,0.25005326,0.023812972,0.10753723,0.121935144,0.15321851,0.004757796,0.16376305,-0.15459047,0.24582343,0.1440198,0.24936743,0.16663226,0.28135017,0.10923493,0.087973036,-0.25960883,0.20260213,-0.16866499,0.3606201,-0.15471636,0.09496142,-0.29882172,0.42010474,0.13961223,0.14372115,-0.07039171,0.15811403,0.22408961,0.3313718,-0.02648327,0.38055894,0.022453802,0.34345865,0.15376678,0.41657162,0.066260606,0.26614982,0.066331364,0.11677858,0.10817419,0.070226796,-0.21936408,0.4889661,0.012893071,0.10985128,0.39834628,0.4898081,0.4003494,0.19217025,0.40986565,0.29452333,0.3247611,0.43478748,0.12370044,0.20924704,0.21435681,0.19390878,0.40298966,0.4065471,0.19777474,0.3061574,0.31017116,0.39563155,0.33483547,0.4145237,0.45029837,0.36670122,0.022031225,-0.10260969,0.097262725,0.104599446,0.16658704,0.0089839455
0.61820847,-0.22731197,0.47379977,-0.08985692,-0.105524875,-0.14922106,0.4452742,-0.10701243,0.06804066,0.03291179,0.5065595,-0.1849604,0.5636711,0.064840436,0.10741462,-0.08226042,1.0,-0.08142585,0.2837386,-0.2773476,0.02640822,-0.09399284,0.4748755,1.8308208e-05,-0.07389729,-0.19327815,0.008710342,-0.0573011,0.6396484,-0.1799676,0.38062784,-0.15370223,0.2013956,-0.16221693,-0.0964135,0.0364834,-0.09321198,0.22702338,-0.39364025,-0.32878417,0.24001707,-0.08140485,-0.18640447,-0.09557075,-0.37204278,-0.42945647,-0.2837576,-0.29597262,-0.26801515,-0.23947261,-0.33963647,-0.2646252,-0.5150924,-0.35750696,-0.64560056,-0.60572195,0.6521652,-0.38724777,0.3107781,-0.4513217,0.63856715,0.04387371,0.67602456,-0.101936385,0.57814115,0.060872797,0.07783414,-0.21915849,0.50088793,-0.23273355,0.17723377,-0.12461291,0.36754802,-0.08391928,-0.019609407,0.060175173,-0.0041546007,-0.14982013,0.1784062,-0.5667423,0.5735849,-0.22400543,-0.24948116,-0.48238558,0.35873276,-0.44255942,0.34714714,0.28220287,-0.027691992,-0.4501296,0.25956377,-0.09008006,0.001582092,-0.12470619,-0.27131918,-0.12949862,-0.19329803,-0.4075378,0.0404871,0.07563225,-0.19431129,-0.06028258,-0.36143357,-0.4333474,-0.22984688,-0.19194725,-0.26982537,-0.12596504,-0.19615018,-0.29801944,0.022905331,-0.009466863,0.14384095,0.21696657,0.20427932,0.1153985
-0.28657275,0.3676421,-0.18669918,-0.13313085,-0.27332652,-0.3008609,-0.05855755,-0.032744076,-0.33269408,-0.20405655,-0.28162536,0.33862388,-0.19670947,0.19880205,-0.46137482,-0.1714299,-0.08142585,1.0,-0.12742011,0.14939256,-0.36999908,-0.34060243,-0.23965241,-0.04757306,-0.32665357,-0.42826506,-0.39971003,-0.42461997,-0.3416638,0.26946273,-0.38620865,-0.20155399,-0.18896215,-0.035441667,-0.31474653,-0.1826309,-0.14922535,0.25901985,-0.28595567,-0.1980448,-0.18032631,0.31068966,0.019339599,0.062210802,0.11451207,0.040648874,0.1885033,0.1370481,0.3374963,0.09746036,0.21370468,-0.045502998,0.19860972,0.045167558,-0.0018238105,-0.053744525,-0.2672004,0.41101137,-0.012596728,0.027798517,-0.21072139,0.014430505,-0.12083956,0.52103806,-0.19677632,-0.3936159,-0.503333,-0.36652038,-0.0020457886,0.330357,-0.42764404,-0.32581168,-0.14418614,0.21468775,-0.16478936,0.01574158,0.17172004,0.032477286,-0.48019478,-0.051935356,-0.36326903,0.3850863,-0.34145957,0.068618834,-0.23903134,-0.20974928,0.0166594,0.23058356,-0.07235567,-0.18918931,-0.07406809,-0.1856262,-0.20012888,-0.18145382,-0.23755793,-0.12053705,-0.07860838,-0.17627543,0.040978078,-0.08109461,-0.24171443,-0.1839006,-0.085163,-0.20403726,0.00011283838,-0.076371156,-0.122771256,-0.27287543,-0.19744529,-0.25272238,0.08275637,-0.10028499,-0.17789686,0.24516264,0.0814348,-0.06273819
0.6562865,-0.081027366,0.5854641,0.2730138,0.45152903,0.19903584,0.7165201,0.1364885,0.5257843,0.007291748,0.58254844,0.018438946,0.5811715,-0.08757642,0.5854896,0.14784183,0.2837386,-0.12742011,1.0,0.22065489,0.35275203,0.23765476,0.54724,0.39319244,0.46844682,0.26257232,0.40332067,0.2420882,0.50769913,0.0809736,0.46148884,0.36669147,0.52314895,0.07906896,0.1256843,0.14337102,0.31908053,-0.05529342,0.091689534,0.09884931,0.3877222,-0.20009127,-0.048012383,-0.056914903,-0.07721814,-0.05315928,-0.13457832,-0.18595913,-0.11763832,-0.24791747,-0.18797405,-0.16267721,-0.18817966,0.061891288,-0.14295648,-0.12661071,0.62751746,-0.010848702,0.40784556,0.0371982,0.41143104,0.16174601,0.53036994,0.043386046,0.24305914,0.12031088,0.13257395,0.0854813,0.7583561,0.023552801,0.51613,0.29995388,0.47215828,-0.004887068,0.2359535,0.18845703,0.28999895,0.07350759,0.4246163,-0.022292025,0.6194058,-0.17733228,0.32096526,0.04556065,0.32498395,0.06438579,0.33756354,0.14491731,0.19736505,0.08740667,0.15067716,0.07975417,0.1851253,0.155694,0.19170454,0.1048944,0.0504281,-0.04563243,0.055008084,-0.03876555,0.19750501,0.21069269,-0.11098678,-0.1271104,-0.1578646,0.008210628,-0.12392292,0.019047435,-0.038471162,0.08452507,-0.16256763,-0.1281853,-0.16226648,0.17332476,0.043174174,-0.02586009
0.13304107,0.7246479,0.23384376,0.58583146,-0.008677824,0.25138065,0.21259044,0.4889713,0.10435813,0.26721132,-0.21152167,0.24122518,-0.21591313,0.048019752,-0.00926886,0.31349108,-0.2773476,0.14939256,0.22065489,1.0,0.02916599,0.16469039,0.21119538,0.38187036,-0.06639307,0.17203924,0.301486,0.2826624,-0.109080486,0.6279575,0.25121436,0.5737565,-0.2304871,0.5572988,0.17426027,0.3611682,0.05462812,0.29740328,0.25569302,0.5488875,0.29001182,0.33047992,0.2800086,0.19782364,0.25396687,0.24280444,0.28952512,0.18858813,0.3362886,0.38590413,0.10655251,0.49481353,0.5413943,0.5401889,0.2735282,0.42837906,0.042041022,0.6786423,-0.12831624,0.4654552,-0.18802786,0.32446343,-0.3065675,0.504963,-0.33911443,0.17620325,-0.033635724,0.21653344,-0.026069522,0.5857681,0.14815198,0.27958286,-0.0014066882,0.51179844,0.018004341,0.38600037,0.16274557,0.42607132,-0.017157428,0.33490747,-0.01262237,0.5096572,-0.02045896,0.43027297,-0.20238088,0.47248673,0.23358074,0.3166192,0.45519158,0.49620607,0.21201411,-0.10762486,0.22189474,0.050470185,0.42533264,0.54116195,0.2337487,0.34344363,0.2913151,0.079923265,0.46874127,0.33447787,0.2813712,0.14081487,0.25859976,0.34508637,0.012438485,0.17230532,0.4252324,0.33653665,0.020188222,-0.10899218,-0.0841959,0.3302004,0.07537973,-0.17082965
0.3328565,-0.11725743,0.36440185,0.034270294,0.49544245,0.33346808,0.41101834,0.015921175,0.63415617,0.118397914,0.34476298,-0.20163007,0.2605094,-0.28905326,0.55764437,0.15210468,0.02640822,-0.36999908,0.35275203,0.02916599,1.0,0.48847768,0.21495377,-0.042092554,0.36221114,0.29016113,0.5667536,0.37674865,0.281934,0.045766268,0.3651577,0.23459546,0.3109588,-0.012770276,-0.08866482,-0.12256191,0.08514969,-0.30536988,0.25755662,0.16744708,0.29003307,-0.21307312,-0.055769447,-0.10297148,-0.011244134,0.0018592337,-0.11155901,-0.09002055,-0.15202646,0.035282403,0.01702747,0.046344724,-0.015226447,0.1732841,0.11243845,0.094451115,0.329247,-0.03608109,0.19546361,0.05696125,0.2768914,0.0963606,0.14857768,-0.122534856,0.22353303,-0.021093626,0.067636915,0.06391153,0.15320194,0.059357096,0.40533793,0.3653278,0.15611103,0.060624216,0.21368457,0.18031056,-0.0029926249,-0.0018385466,0.5176635,0.22631475,0.424071,-0.17155132,0.43824035,0.2427822,0.34661928,0.1860842,0.11785643,-0.15588774,0.176912,0.26490793,-0.016051335,0.017561141,-0.014861754,0.0015820119,0.25020087,0.20998837,0.078360416,0.16922949,-0.017212093,0.050170343,0.2301914,0.10184561,0.23229848,0.1943381,0.023448518,0.064670354,0.025705073,0.22580627,0.12726673,0.24354245,-0.26113567,0.027495775,0.0841928,-0.075395465,0.05499976,0.20807016
0.16363011,0.044368353,0.18946639,0.26372516,0.32352707,0.5630771,0.17239782,0.18304482,0.485288,0.43313354,0.0862292,-0.088381305,0.014382951,-0.11435185,0.32366425,0.32826808,-0.09399284,-0.34060243,0.23765476,0.16469039,0.48847768,1.0,0.2344385,0.24807957,0.24773322,0.46572456,0.6287348,0.65122247,0.034254044,0.108873844,0.40754288,0.4494053,0.14188308,0.29104114,0.13406064,0.14059073,0.081338026,-0.20650545,0.34090364,0.230424,0.2666545,-0.053594664,0.18112348,0.14393406,0.16337268,0.17517073,0.12569554,0.093629025,0.077608846,0.20529225,0.049435478,0.13979559,0.09898029,0.23294936,0.16465607,0.18456931,0.13441059,0.05623236,0.003401397,0.1022948,0.03733935,0.15492652,-0.01708756,-0.011242453,-0.012314731,0.18829183,0.20180324,0.21996251,-0.05626891,0.1474687,0.3109755,0.4900859,-0.13603441,0.1784433,0.042368002,0.18703683,-0.04155862,0.06840119,0.23461773,0.21077082,0.15164788,0.018375073,0.18899196,0.21756922,0.05482268,0.29168338,0.17761375,0.12620512,0.23598653,0.3810537,0.2561224,0.19407861,0.18053061,0.23491529,0.23171918,0.21797174,0.05279159,0.06408891,0.19238605,0.31932244,0.33458513,0.33542737,0.20670685,0.3281656,0.30783162,0.24992801,0.23203795,0.35876945,0.24948889,0.29456398,-0.111508295,0.20324194,0.32715794,0.07532878,0.13998882,0.21249631
0.67877644,0.12535602,0.73109436,0.3485841,0.014994911,0.13038807,0.63246137,0.30289596,0.21584578,0.24169171,0.3444624,-0.1340397,0.40959188,0.01724374,0.22891004,0.16551527,0.4748755,-0.23965241,0.54724,0.21119538,0.21495377,0.2344385,1.0,0.2482672,0.065657295,0.072389565,0.4033406,0.29166844,0.5484139,0.11192153,0.7066074,0.37583813,0.19535862,0.28393203,0.2133558,0.30660588,0.094178796,0.1091545,0.08257386,0.15472196,0.5243112,-0.15492362,-0.026551344,0.011507989,-0.17010713,-0.22294627,-0.16682525,-0.2546013,-0.1127713,-0.060832117,-0.25933895,0.084351994,-0.15513837,0.18720384,-0.319854,-0.16937006,0.6511105,-0.016894797,0.34922656,-0.042418413,0.5433042,0.3428778,0.4116277,0.09415239,0.33077806,0.32818395,0.26247796,0.12419589,0.48161885,0.09157691,0.41280174,0.17615843,0.38189137,0.1511574,0.19167788,0.25772405,0.07526145,0.09089224,0.31558174,-0.26744905,0.6023847,0.05613077,-0.058551814,-0.1547684,0.35298583,0.039458968,0.53570163,0.41100648,0.34848833,0.14339896,0.36076203,-0.049746424,0.32831994,0.08655987,0.23875079,0.2838902,0.04226322,-0.010039511,0.2658354,0.1389327,0.37089807,0.36514,-0.054693073,-0.11310502,0.003335285,0.102369204,-0.13830969,0.16399051,0.29756632,0.07785716,8.872532e-05,0.03858113,0.17212524,0.37910423,0.14410393,0.006566913
0.18909371,0.19412328,0.05286773,0.77383184,0.022253469,0.4503916,0.07410185,0.6183386,0.13990098,0.37205404,0.025459325,0.27822584,-0.084421664,0.29700145,0.09501872,0.50355387,1.8308208e-05,-0.04757306,0.39319244,0.38187036,-0.042092554,0.24807957,0.2482672,1.0,0.1421674,0.45963937,0.16087534,0.23812869,-0.008439898,0.18278937,0.1217539,0.6063913,-0.10226804,0.33576855,0.49936995,0.5188384,0.22917232,0.18695992,0.15564343,0.18514022,0.1392316,0.10228875,0.29242742,0.35434845,0.029295798,0.19556108,0.11938914,0.15208615,0.089422815,0.0916601,-0.15002394,0.09012619,-0.040779795,0.08658867,-0.015118227,0.08246582,0.15064085,0.13997276,-0.16559967,0.28803563,-0.20116377,0.39707315,0.03992637,0.19064254,-0.2567705,0.59683305,0.28319654,0.4747531,0.23818216,0.3047536,0.095898375,0.35185763,-0.06248832,0.18244174,-0.17207932,0.25707892,0.34923127,0.35725954,-0.0969792,0.014188384,0.0144284945,0.05408963,0.07588118,-0.050950076,-0.28527713,0.35911745,0.08021809,0.277112,0.3070935,0.267122,0.5843406,0.2774904,0.58827966,0.37018913,0.2028098,0.2771047,0.037245914,-0.116867684,0.3173595,0.13003412,0.3443684,0.3512476,-0.10302371,0.051365532,0.22633594,0.22354427,0.23240128,0.21322201,0.07604607,0.120065205,-0.016422737,-0.2053373,-0.0907959,0.29616377,0.17327929,-0.054460533
0.25121418,-0.37294167,0.15182109,0.045188293,0.8029381,0.2346436,0.26493308,-0.04520318,0.5875052,-0.09716174,0.5086273,0.058355153,0.45707083,-0.21152027,0.6743529,0.06242572,-0.07389729,-0.32665357,0.46844682,-0.06639307,0.36221114,0.24773322,0.065657295,0.1421674,1.0,0.5554137,0.3537481,0.1355084,0.2890241,-0.19779335,0.15696196,0.1275416,0.5336002,-0.09356737,0.20926186,-0.06805532,0.42068908,-0.43261406,0.38643876,0.22347732,-0.0053408695,-0.3473238,-0.1026096,-0.11638654,-0.021927694,0.097861215,-0.1999322,-0.060207877,-0.14816445,-0.23445119,0.0070490637,-0.1346234,-0.09746023,-0.09712317,0.32400686,0.22151764,0.28933653,-0.23036651,0.29953796,0.05068689,0.17400287,-0.04100941,0.30723235,-0.1288679,0.08027663,0.08251231,0.30402166,0.26248178,0.32127514,-0.23717181,0.32038566,0.3701548,0.364916,-0.25527132,0.3552961,-0.09001094,0.14198214,-0.09878016,0.4502794,0.31220168,0.27142102,-0.4107151,0.68437827,0.23070209,0.3255142,0.29465726,-0.14819549,-0.36670405,-0.08230404,0.18163575,-0.1490771,0.4011376,0.02957386,0.2847764,0.18595283,-0.12094572,0.10399691,0.18504037,-0.07297342,-0.014724769,0.17401464,-0.012366727,0.29157087,0.31459117,0.07563139,0.10619721,0.3291473,0.15826888,-0.07112948,0.22770137,-0.23730147,0.066799045,-0.07197995,-0.36600098,-0.11891438,0.12816
0.1126858,-0.09315088,-0.022121152,0.42247412,0.55952924,0.5618679,0.028086947,0.25338802,0.48658386,0.2699641,0.22451594,0.054576926,0.081829175,-0.072496995,0.48524582,0.4399954,-0.19327815,-0.42826506,0.26257232,0.17203924,0.29016113,0.46572456,0.072389565,0.45963937,0.5554137,1.0,0.45623285,0.49743193,0.08796919,-0.030250115,0.1473553,0.43755418,0.20802636,0.14271991,0.56367964,0.40010992,0.39917544,-0.23904563,0.49241647,0.35496008,0.09488797,-0.21576288,0.3347967,0.29829118,0.251079,0.37543288,0.112846516,0.25946128,0.062471624,0.09787031,-0.029453775,0.11765726,0.031716492,0.12473459,0.34973618,0.36748293,0.16556658,-0.07603529,-0.10235615,0.12977862,-0.11693049,0.03920676,0.051906873,-0.12831885,-0.14691655,0.4169307,0.5138621,0.53237647,0.065579325,0.029037146,0.24302557,0.59359735,0.09866912,0.07955431,0.20277846,0.16439058,0.23867348,0.17120856,0.24738666,0.34437546,0.10533593,-0.25724795,0.5109416,0.16656137,-0.0044706766,0.53590363,-0.13250707,-0.095203884,0.21719915,0.41502047,0.2915349,0.5326815,0.37255487,0.48633823,0.41548732,0.2644473,0.2147228,0.2950117,0.21102291,0.28242564,0.31838962,0.23352903,0.27723593,0.39323267,0.3113792,0.32355708,0.44405288,0.28829864,0.18035975,0.418123,-0.0028783644,0.19072878,0.12771396,-0.10979718,0.06344977,0.24700634
0.4262102,0.10477399,0.44059637,0.2794704,0.46416524,0.5039116,0.4596018,0.15096326,0.59838,0.3643818,0.29160085,-0.20925745,0.23387739,-0.26109457,0.5312107,0.38955134,0.008710342,-0.39971003,0.40332067,0.301486,0.5667536,0.6287348,0.4033406,0.16087534,0.3537481,0.45623285,1.0,0.7566373,0.26765057,0.1251509,0.59892035,0.46958125,0.24280922,0.25171027,0.23883191,0.21468332,0.1161383,-0.11934479,0.33115128,0.36695927,0.41852143,-0.14201787,0.22344744,0.12904918,0.20715827,0.14091495,0.11252236,0.08029135,0.041159116,0.1547957,-0.052188624,0.2313221,0.088565655,0.33843234,0.14071245,0.21476808,0.41301265,0.122590646,0.09532202,0.053576324,0.22819941,0.13600482,0.12572661,0.09669588,0.1162574,0.18039666,0.25746393,0.19002353,0.15234472,0.12586187,0.49988648,0.4886772,0.19907644,0.26063982,0.23703928,0.26995108,0.07735585,0.13680223,0.41603655,0.26625973,0.39726204,-0.0113884825,0.3084675,0.15512234,0.23012546,0.30776146,0.31782863,0.18849088,0.39677185,0.46489677,0.28791323,0.2160197,0.2316128,0.2878651,0.4344733,0.3051005,0.3058508,0.2559945,0.25375175,0.37926534,0.35863957,0.37889314,0.2588158,0.20380908,0.13018906,0.28145477,0.09297826,0.34789684,0.37475672,0.4628353,-0.020288533,0.27962974,0.27029717,0.14377795,0.15193596,0.15643682
0.2651736,0.15117484,0.26529467,0.3347513,0.24877977,0.59569067,0.22530252,0.146455,0.38783073,0.49046457,0.0847623,-0.2798289,-0.03381464,-0.17017314,0.34342536,0.5179073,-0.0573011,-0.42461997,0.2420882,0.2826624,0.37674865,0.65122247,0.29166844,0.23812869,0.1355084,0.49743193,0.7566373,1.0,0.1499596,0.12391735,0.48488045,0.44471687,0.05494366,0.2489565,0.30625394,0.29996276,0.03292063,-0.071237706,0.3085569,0.30617326,0.28927028,0.027224282,0.3258759,0.23664762,0.24373537,0.19727167,0.22829683,0.16941263,0.064718015,0.18776727,-0.1556641,0.20149064,0.059075005,0.29615858,0.11591778,0.22516283,0.25980088,0.09924996,-0.07736145,0.022319268,0.033201564,0.01660067,-0.034101024,-0.04067854,-0.059340484,0.25555548,0.29697335,0.21651691,-0.011147631,0.13675433,0.37738025,0.43144444,-0.005818585,0.30401006,0.09962678,0.36822963,-0.018086363,0.13619144,0.2719038,0.22213003,0.24031217,0.046801765,0.14551766,0.10562681,0.026821464,0.3709072,0.24287273,0.23763578,0.35271728,0.41634324,0.32953763,0.23402129,0.25631773,0.29429543,0.40281984,0.38178676,0.13934886,0.21251313,0.20252748,0.4383669,0.30523044,0.44572067,0.13916886,0.22659275,0.14092034,0.28253135,0.10245051,0.3565671,0.41554284,0.3838155,0.037261844,0.20836079,0.34673062,0.17299227,0.13989882,0.14562427
0.7256504,-0.22956426,0.6060506,-0.025201576,0.26756835,-0.08611019,0.618096,-0.11801878,0.308017,-0.079405904,0.6393746,-0.2620109,0.6729127,-0.09524487,0.46284437,0.0050622644,0.6396484,-0.3416638,0.50769913,-0.109080486,0.281934,0.034254044,0.5484139,-0.008439898,0.2890241,0.08796919,0.26765057,0.1499596,1.0,-0.04069176,0.58146197,0.09739033,0.40953195,-0.019457547,0.086327955,0.028764935,0.122735,-0.07111051,-0.057733722,-0.034926172,0.35348758,-0.22801127,-0.16103506,-0.17624903,-0.2673799,-0.27247468,-0.2820385,-0.29206052,-0.34765017,-0.29369894,-0.37959972,-0.18239492,-0.33418918,-0.1519254,-0.33628172,-0.25258008,0.79239446,-0.32586232,0.39606336,-0.31110668,0.6861037,0.029748777,0.6618058,-0.17651804,0.4442226,0.08713204,0.2754998,-0.056420878,0.53149354,-0.3170214,0.44772393,0.18671474,0.68592507,-0.09717077,0.29826915,0.08001994,-0.0034047961,-0.12019897,0.5838436,-0.17115568,0.7784643,-0.25336385,0.18246123,-0.20400332,0.5168246,-0.094046,0.32975745,0.08424163,0.07978905,-0.12991253,0.026774662,0.07446471,-0.030125514,0.06565901,0.017067365,0.055992376,-0.03847386,-0.081363134,-0.05362311,0.0118885,0.05387869,0.061095916,-0.0012032349,-0.0877609,-0.16259718,0.03861478,-0.15945922,0.06538994,-0.0036942202,0.04654059,-0.12667832,0.031968676,0.10810665,-0.018711152,0.053966247,0.054117344
0.06667962,0.6066254,0.15350659,0.3183751,-0.15615577,0.121689245,0.15161012,0.30403152,-0.09716306,0.25884536,-0.266144,0.2803548,-0.25433093,0.20379613,-0.15869363,0.34290838,-0.1799676,0.26946273,0.0809736,0.6279575,0.045766268,0.108873844,0.11192153,0.18278937,-0.19779335,-0.030250115,0.1251509,0.12391735,-0.04069176,1.0,0.22668014,0.3969218,-0.28936872,0.39517507,-0.12788472,0.08815743,-0.030792244,0.29834372,0.21037771,0.45501137,0.37345585,0.40490746,0.19442366,0.12904269,0.14065708,0.10396408,0.2094677,0.074472465,0.27088505,0.31379265,0.022242611,0.37072864,0.5389674,0.5067522,0.13314907,0.28904012,0.002904092,0.5213116,-0.17628957,0.31429085,-0.18302536,0.29208663,-0.2262116,0.45084852,-0.2579885,-0.01718454,-0.32542676,-0.14255482,-0.08508882,0.51052356,0.15447445,0.13681513,-0.05219594,0.48114014,0.072557904,0.18409525,0.096487224,0.35111436,-0.0005273427,0.26939827,0.051963527,0.51764935,-0.09655802,0.4647478,-0.20772263,0.24069817,0.30759943,0.2550686,0.43966448,0.40958798,0.094198614,-0.27150106,0.06934069,-0.07088896,0.32739595,0.60815704,0.17443585,0.2654948,0.21380417,-0.055951063,0.41240948,0.2745112,0.2225989,0.08939578,0.20785382,0.29107827,-0.09088287,0.043597404,0.35361427,0.2828404,-0.07418614,-0.25262976,-0.1481881,0.30635518,0.1386092,-0.2677917
