0,1,2,3,4,5,6,7,8,9,10,11,12,13,14,15,16,17,18,19,20,21,22,23,24,25,26,27,28,29,30,31,32,33,34,35,36,37,38,39,40,41,42,43,44,45,46,47,48,49,50,51,52,53,54,55,56,57,58,59,60,61,62,63,64,65,66,67,68,69,70,71,72,73,74,75,76,77,78,79,80,81,82,83,84,85,86,87,88,89,90,91,92,93,94,95,96,97,98,99,100,101,102,103,104,105,106,107,108,109,110,111,112,113,114,115
1.0,0.71783257,0.7127712,0.7149449,-0.25901735,-0.20005426,0.6848841,0.6308088,-0.16207781,-0.15158828,0.6303704,-0.047783196,0.16860709,-0.02386968,-0.10507639,-0.2179369,0.20458299,-0.44472438,0.83879584,0.7953148,-0.40534428,-0.050467443,0.6122595,0.54302675,-0.06695286,-0.12038465,-0.121861406,0.007659049,-0.09973538,-0.5714971,0.20251651,0.03904577,0.6203836,0.53305453,0.06505139,-0.007088474,-0.5778818,-0.4851686,-0.55386764,-0.33515984,-0.43250343,-0.29283017,-0.32349068,-0.44076073,-0.02337612,-0.083801925,-0.50807154,-0.46243426,0.02643876,-0.11207132,0.016733201,-0.21267864,-0.19618037,-0.13626198,-0.41908526,-0.33263606,0.7839223,0.67239153,0.6960912,0.19518372,0.38652802,0.40840924,0.22507493,0.27951297,0.045689583,0.06638322,0.51997536,0.582394,0.7570644,0.71640587,-0.3618944,-0.24963896,-0.24942182,-0.2855375,0.15991507,-0.108619556,-0.30020478,-0.41912997,0.07278931,-0.46625283,-0.29997215,-0.4271088,-0.5568406,-0.2418939,-0.27091047,-0.42962235,-0.4061494,-0.34700006,0.018855931,0.0078129675,-0.38877156,-0.325222,-0.051821884,-0.0747933,-0.54013187,-0.5711317,-0.6765593,-0.5481779,-0.6262496,-0.55073744,0.09045778,-0.1232012,-0.14831363,0.29319912,-0.17121711,-0.050606,-0.102910325,-0.36937457,-0.48669285,-0.62629783,-0.57270294,-0.33446574,-0.35494307,-0.48458987,-0.5550592,-0.31514484
0.71783257,1.0,0.51292557,0.56707287,-0.15510494,-0.1190805,0.5223885,0.6136478,-0.35043892,0.042509444,0.41013122,0.2445225,0.12598512,0.07986388,-0.3319211,0.045363694,0.45456478,-0.011256524,0.6107517,0.60814244,-0.30381277,0.038722575,0.42001086,0.5174713,0.18798244,-0.10961171,0.08162166,0.24376823,0.17289416,-0.23381592,0.27220547,0.2351014,0.5921926,0.65229964,0.07774565,0.13198343,-0.40933412,-0.1673754,-0.5080196,-0.19267218,-0.47047585,-0.17958204,-0.07700674,-0.11765047,0.20908187,0.21091956,-0.20505452,-0.31381804,0.24629548,0.12659827,0.26110485,0.074167065,-0.24094841,-0.16021577,-0.23708445,-0.28514612,0.68503433,0.7919231,0.66871345,0.36529163,0.36719978,0.56418926,0.31806925,0.5384578,0.005241019,0.20045315,0.44921622,0.42024097,0.6184159,0.5368341,-0.21713983,-0.21870282,-0.36257806,-0.04490706,0.009116552,0.087548025,-0.072662525,-0.08029949,-0.12126371,-0.18506767,-0.07406824,-0.062303368,-0.56093436,-0.21957289,-0.2060342,-0.21637376,-0.29051685,-0.28210536,0.117996104,0.23130023,-0.24311152,-0.28771824,0.12801322,-0.015091498,-0.24681994,-0.38219017,-0.49117538,-0.3327828,-0.43494576,-0.41770053,0.29158866,-0.17100321,0.15509954,0.33106077,-0.015112402,0.088100575,-0.22768585,-0.37687007,-0.4747718,-0.50353473,-0.33423758,-0.068169564,-0.07303527,-0.25469136,-0.36480856,-0.097423114
0.7127712,0.51292557,1.0,0.7087979,-0.059513018,-0.29025114,0.8343818,0.51746374,-0.0622644,-0.1438764,0.48010626,-0.11618732,0.35386163,-0.099555455,-0.039253592,-0.05792084,0.11563266,-0.43680963,0.6676861,0.5845373,-0.37727576,0.016918764,0.75747854,0.59647083,0.1862436,-0.06403347,0.05934602,0.115190774,-0.048076577,-0.5287528,0.4356958,0.24463515,0.63623774,0.49629423,0.3473939,0.24477063,-0.28626522,-0.17155339,-0.3067784,-0.18819359,-0.42538536,-0.17499204,-0.16331731,-0.20405854,0.16798542,0.020608509,-0.34928858,-0.37454683,0.032003537,-0.11141736,0.11720796,-0.1527913,-0.21596533,-0.11904678,-0.27354687,-0.32994056,0.5167171,0.5221804,0.6648381,0.18226843,0.42411852,0.18772015,0.16018516,0.115401395,0.41702414,0.28766966,0.7461185,0.6302328,0.6264834,0.5886986,-0.22254361,-0.18803507,-0.15425235,-0.1677071,0.022919687,0.03265098,-0.20428307,-0.30573696,-0.024948081,-0.47354627,-0.3221737,-0.25656873,-0.45542255,-0.25432056,-0.03516372,-0.21883917,-0.1181837,-0.14228052,0.20349273,0.07550734,-0.1503817,-0.10747857,0.14949764,0.17668629,-0.36289683,-0.44023708,-0.5085147,-0.4516938,-0.51150453,-0.3666779,0.15699303,-0.02747822,0.016487535,0.36926198,-0.054975986,0.1679336,-0.12843373,-0.31783855,-0.5205018,-0.51552534,-0.39741954,-0.16273187,-0.111303486,-0.33415005,-0.39781064,-0.091082245
0.7149449,0.56707287,0.7087979,1.0,-0.03720529,0.08567798,0.62770826,0.6938691,-0.07609371,0.059157968,0.4722617,-0.07878176,0.21201552,0.050874773,-0.18475479,-0.040822037,0.0028474957,-0.42656645,0.661048,0.6443798,-0.40761364,0.052104868,0.7556839,0.7570426,0.039573662,0.1806839,0.088959105,0.17306362,-0.093754664,-0.6041836,0.36332384,0.3053723,0.6054696,0.47005305,0.3978289,0.3007098,-0.3636772,-0.2659811,-0.36913338,-0.12352268,-0.38579637,-0.20252657,-0.21134081,-0.25944152,0.19030946,0.09563627,-0.44812417,-0.3922351,0.07651281,-0.1473923,0.088608764,-0.1780677,-0.271736,-0.16731468,-0.33750525,-0.30661285,0.5369233,0.5280848,0.61620677,0.09841579,0.25616738,0.31263778,0.025308305,0.107548274,0.32689157,0.41363,0.69423914,0.7372836,0.5651939,0.592721,-0.21345562,-0.0895125,-0.13718145,-0.14410661,0.13102677,0.0052042846,-0.23588969,-0.21771109,-0.0020721552,-0.38261044,-0.32309437,-0.2234725,-0.41168347,-0.22822706,-0.07220851,-0.10743516,-0.13919304,-0.17766407,0.011406425,0.09256101,-0.122946195,-0.26696157,0.15943526,-0.047496434,-0.41238132,-0.43410072,-0.5585677,-0.49011695,-0.5182596,-0.5356508,0.033305503,-0.1742986,-0.13117895,0.29058278,0.039215688,0.12818211,-0.037151806,-0.2569149,-0.44310737,-0.5308293,-0.4409869,-0.22556731,-0.28562233,-0.52208924,-0.41835263,-0.110273235
-0.25901735,-0.15510494,-0.059513018,-0.03720529,1.0,0.45371258,0.00096159533,-0.18879099,0.21291085,0.7044601,-0.270609,0.27309906,0.18552135,-0.28613833,-0.30347496,0.66530025,-0.07133104,0.27264327,-0.39185894,-0.40576154,-0.20420215,0.38281164,-0.021887194,0.032686163,0.65511745,0.5282306,0.8149927,0.74214333,0.24464898,0.23845415,0.26551324,0.32292393,-0.09603784,-0.04518908,0.053521276,0.24149485,0.6598114,0.6509847,0.19739382,0.22716469,0.0052440204,0.18057342,0.2078715,0.45342237,0.13973431,0.2159177,0.3056449,0.093508996,-0.01351592,0.30138278,0.5745819,0.44186762,-0.32245946,-0.3224891,0.31455693,-0.17012121,-0.45109925,-0.19121307,0.03172444,0.3558043,0.27739188,-0.051816463,0.07730676,0.025093855,0.3103374,0.38472342,0.14314215,-0.18031713,-0.30859008,-0.3941525,0.60117275,0.108231135,0.16873078,0.5194987,-0.2864278,0.59294933,0.21943794,0.48016855,-0.4823102,0.3020615,0.17527822,0.64872414,0.010392078,-0.102999985,0.40924433,0.4744176,0.37840158,0.17816691,0.5553733,0.42561337,0.2825688,-0.026705831,0.28657734,0.07738687,0.3112133,0.421819,0.19311775,0.06900474,0.17585601,0.17261484,0.09176213,-0.1895879,0.4418484,0.2898423,0.545311,0.61830187,-0.18231583,0.06760769,0.016585397,0.1647446,0.46038598,0.5518072,0.49827695,0.1639152,0.34869325,0.6264018
-0.20005426,-0.1190805,-0.29025114,0.08567798,0.45371258,1.0,-0.24124989,-0.010663935,0.40750012,0.57030416,-0.012847044,0.107359715,-0.071028024,0.17917964,0.009539098,0.3649732,-0.096215986,0.20892295,-0.22830431,-0.12853184,0.0066045295,0.2553974,-0.05518364,0.105010204,0.012617831,0.4905113,0.3367297,0.30622628,0.031590264,0.1824728,0.01934041,0.120799825,-0.023891076,-0.07388583,0.062577724,0.15051249,0.3552107,0.23492953,0.12416243,0.34372783,0.3193519,0.22678548,0.2440708,0.19884901,0.1273841,0.1561751,0.18874982,0.20509295,0.0032568087,0.067511566,0.17725217,0.17188448,-0.0022354436,0.06508408,0.24426374,0.17443362,-0.16674791,-0.030641269,-0.11019408,0.029726105,-0.019247387,0.089594506,0.085214764,0.042421803,0.027030982,0.107291795,-0.08564898,-0.06215731,-0.2015606,-0.11668447,0.14840089,0.2604089,0.43492258,0.14111462,-0.03089074,0.06463975,0.09601599,0.25519556,-0.0059646936,0.17976916,0.27395275,0.28317046,0.381,0.39178982,0.33783647,0.35989967,0.16272987,0.32319993,0.16337861,0.25728646,0.25703043,-0.017927134,0.15649155,-0.11528057,0.1349335,0.27666184,0.19548182,0.22442654,0.19832708,0.051021684,-0.082361996,-0.09313252,-0.04830018,-0.0016840948,0.2362907,0.14583266,0.29630864,0.3155787,0.22377598,0.15262389,0.27589732,0.12784642,-0.005774628,0.016873885,0.14845337,0.12810923
0.6848841,0.5223885,0.8343818,0.62770826,0.00096159533,-0.24124989,1.0,0.6032984,0.059121337,-0.01540364,0.4760934,0.017898323,0.47930533,-0.049745474,-0.037366513,-0.0009372994,0.15365988,-0.35808414,0.6005354,0.50502694,-0.39208132,0.06558901,0.6277576,0.47140443,0.26545843,-0.027597886,0.07284115,0.17372431,-0.016617639,-0.44858035,0.40872574,0.1735884,0.6285506,0.54288876,0.26015815,0.13536407,-0.28464663,-0.11836535,-0.32173476,-0.24418463,-0.4856031,-0.20563838,-0.0928142,-0.16365974,0.101664916,0.028163413,-0.26161778,-0.32575798,0.0400408,-0.019116439,0.27603787,-0.04650898,-0.24877197,-0.21115604,-0.21575223,-0.33332804,0.45426837,0.491138,0.6802674,0.21386862,0.5842975,0.31174678,0.23920485,0.1957239,0.4321926,0.33307803,0.6712839,0.5503164,0.51949966,0.48069388,-0.15169145,-0.19931783,-0.16011536,-0.09461445,0.10314316,0.18466362,-0.17108937,-0.3039329,-0.05021312,-0.328164,-0.15293427,-0.1367713,-0.4560542,-0.21316051,0.08697719,-0.1584876,-0.10609668,-0.24315013,0.31040102,0.10705524,-0.14060423,-0.12706031,0.20570435,0.14993063,-0.2738766,-0.37385678,-0.4385626,-0.42625144,-0.47154975,-0.3375393,0.25726655,-0.105961435,0.077251434,0.41745904,0.037917163,0.23890832,-0.19148797,-0.24836,-0.47288457,-0.47597498,-0.308472,-0.07209166,-0.07234518,-0.31712422,-0.35913354,-0.016124912
0.6308088,0.6136478,0.51746374,0.6938691,-0.18879099,-0.010663935,0.6032984,1.0,-0.08969511,0.13840374,0.37484503,0.18137258,0.26597843,0.31383297,-0.12554623,-0.029669901,0.22922875,-0.19218582,0.5324061,0.47349167,-0.34343216,-0.11073199,0.44051123,0.60941464,0.023067845,-0.03636695,-0.08895678,0.06588428,0.042734213,-0.39704716,0.15775488,0.1139039,0.49078134,0.5048508,0.1906515,0.16002947,-0.38978782,-0.27596927,-0.3409817,-0.18236886,-0.38487375,-0.23494187,-0.10183789,-0.17403899,0.09477874,0.17438014,-0.29056707,-0.20185557,0.08622614,0.08529107,0.18323474,0.02602528,-0.1470992,-0.08945344,-0.2447616,-0.21988642,0.5320179,0.51958156,0.59771675,0.25379995,0.42679647,0.68904763,0.14162336,0.32014075,0.113551475,0.422356,0.4708036,0.5532409,0.41691738,0.44139785,-0.1844259,-0.13976702,-0.24665822,-0.07015244,0.18043119,0.05767721,-0.20455498,-0.13690327,0.055380363,-0.2168619,-0.107528985,-0.09474121,-0.40422204,-0.12170471,-0.12000169,-0.073873416,-0.31878847,-0.33500722,0.025339304,0.17102885,-0.11121984,-0.25505084,0.14305462,-0.104068354,-0.32436186,-0.4605275,-0.43429282,-0.37564203,-0.36418173,-0.41221833,0.21182832,-0.1369516,-0.1276327,0.1532524,-0.070257254,-0.023483668,-0.1387965,-0.23290303,-0.4365675,-0.41823798,-0.35038295,-0.1533461,-0.20433012,-0.37033537,-0.41610563,-0.11045124
-0.16207781,-0.35043892,-0.0622644,-0.07609371,0.21291085,0.40750012,0.059121337,-0.08969511,1.0,0.07733628,-0.024780136,-0.2780967,0.038711637,0.17421104,0.6463163,0.15332003,-0.26945972,-0.12944123,-0.08212337,-0.08303364,0.1895876,0.40077958,-0.1454413,-0.1387436,-0.124827035,0.13675702,-0.11073769,-0.113411315,-0.42383966,0.15909714,-0.06308947,-0.2311715,-0.06134352,-0.12727101,-0.037314028,-0.18440263,0.2438492,0.028390888,0.28088942,0.32516444,0.34192547,0.30210152,0.24307013,-0.062513255,-0.06874512,-0.12568541,0.2646036,0.25816086,-0.18565986,-0.082304895,-0.015555874,-0.018643735,0.40937537,0.33542207,0.42222872,0.36438692,-0.17704692,-0.22436306,-0.15050909,-0.1624238,0.038653865,-0.07377642,0.026601007,-0.2116672,0.06674287,-0.1794949,-0.19471832,-0.13577834,-0.1243853,0.009915028,0.2476501,0.34820348,0.3971794,-0.011762441,0.04800069,-0.19281045,-0.20495184,-0.107148945,0.37124604,0.04169688,0.25260302,0.0038218985,0.46657732,0.45210117,0.39589217,0.24286167,0.29013738,0.28539813,0.22107302,0.17975663,0.33728787,0.3604184,0.17614287,0.13467516,0.098131455,0.07220584,0.32757446,0.21517375,0.27763802,0.275793,0.08030394,0.2468658,-0.06899436,-0.005046958,-0.0022808628,-0.028889913,0.33230224,0.2468677,0.10519048,0.27146727,0.09530521,-0.123593554,-0.01216416,0.12576622,0.13545744,-0.06510385
-0.15158828,0.042509444,-0.1438764,0.059157968,0.7044601,0.57030416,-0.01540364,0.13840374,0.07733628,1.0,-0.09536418,0.48455104,0.20406775,0.015003016,-0.41867745,0.6517645,0.15989204,0.34348062,-0.2967507,-0.30392936,-0.34277606,0.1688439,-0.02013208,0.14478114,0.4957038,0.38027248,0.7251551,0.72257286,0.41710725,0.18318297,0.12687925,0.28202152,-0.12682119,-0.003708196,-0.08467161,0.12046258,0.40249887,0.44701505,-0.021532917,0.03663941,-0.09975281,-0.04026403,0.0758407,0.29630235,0.037905395,0.16454749,0.1567211,-0.0230345,0.034956083,0.23117708,0.53537875,0.37459162,-0.41836792,-0.4057581,0.1158984,-0.26388,-0.24314736,-0.0021848823,0.0801297,0.3090751,0.26821378,0.23982003,0.1950436,0.2105723,0.08483513,0.37405798,0.02179226,-0.16971329,-0.28775263,-0.3726872,0.35900658,-0.053944442,0.040647723,0.35914525,-0.15172893,0.54363465,0.17517585,0.37457758,-0.40302265,0.32997972,0.31680906,0.5961406,-0.06644544,-0.0438045,0.325918,0.400781,0.1820714,-0.01716702,0.38668108,0.38003123,0.14243752,-0.25091588,0.20295012,-0.17444395,0.21698518,0.2901967,0.01675697,-0.062029596,0.020483313,-0.032205608,0.069422364,-0.3812662,0.28952482,0.22649236,0.45251325,0.4728935,-0.22807266,0.08288247,0.0010817305,-0.0016508015,0.32296112,0.4497699,0.27510023,-0.012015228,0.18763933,0.46480253
0.6303704,0.41013122,0.48010626,0.4722617,-0.270609,-0.012847044,0.4760934,0.37484503,-0.024780136,-0.09536418,1.0,0.007281645,0.33378005,0.10463382,0.0042703818,-0.1726974,0.29978734,-0.34496418,0.60397387,0.58377624,-0.29044384,-0.092060685,0.4599123,0.29900724,-0.2000003,-0.04659204,-0.12579753,-0.05618545,0.07323825,-0.40810448,0.11940927,0.0017714986,0.40855366,0.32481855,0.0007979284,-0.09437614,-0.48361263,-0.44293582,-0.52944225,-0.43151647,-0.23973885,-0.34577906,-0.30363026,-0.4624202,-0.16041632,-0.2283204,-0.48726335,-0.42864665,-0.029235184,-0.28119326,-0.1295765,-0.2208494,-0.2107402,-0.1546187,-0.5163021,-0.3149133,0.59636796,0.50313693,0.40522295,-0.11075794,0.19951874,0.1625887,0.36504978,0.22162665,-0.026773993,-0.06732722,0.26696652,0.42428064,0.4773062,0.4587274,-0.43764773,-0.19192901,0.00097322406,-0.40606526,0.28068691,-0.1550387,-0.17960204,-0.44301477,0.2156283,-0.32619652,-0.051722806,-0.43107295,-0.30610633,-0.056464694,-0.09676029,-0.39603034,-0.3828891,-0.2781053,-0.15486419,-0.27183297,-0.5120031,-0.4602826,-0.2533222,-0.28642294,-0.42629522,-0.4327938,-0.5258933,-0.44723743,-0.6350605,-0.6380597,-0.29131606,-0.28405184,-0.3533886,0.11123531,-0.2730624,-0.1595917,-0.009651491,-0.08378994,-0.1577742,-0.5245299,-0.44555807,-0.3857439,-0.56163746,-0.56922877,-0.5350793,-0.4568166
-0.047783196,0.2445225,-0.11618732,-0.07878176,0.27309906,0.107359715,0.017898323,0.18137258,-0.2780967,0.48455104,0.007281645,1.0,0.22134608,0.23474552,-0.41334563,0.3480295,0.2986077,0.5184831,-0.20415714,-0.21442029,-0.08775215,-0.14621319,-0.07226057,0.15666156,0.28451273,-0.12809242,0.38536948,0.38554984,0.5893925,0.33603308,-0.019871075,0.21488518,-0.017137762,0.11810828,-0.27151507,0.13419352,0.11648123,0.25430885,-0.098785475,0.006484012,-0.066644765,0.042467903,0.06371444,0.29806596,-0.05286143,0.21216218,0.18628246,0.08311499,0.16305797,0.4053598,0.4146263,0.4980954,-0.2359653,-0.24817514,0.001397789,-0.14001825,-0.0656288,0.19737794,0.069969654,0.4929072,0.34095415,0.41062713,0.35563353,0.5569764,-0.03713815,0.2732471,-0.08084741,-0.23794971,-0.12538853,-0.30008948,0.14239517,-0.21014376,-0.10207616,0.27351633,-0.14843553,0.40255824,0.36262023,0.4294248,-0.48862168,0.37171325,0.09735925,0.4991531,-0.13152246,0.008017861,0.062279377,0.21973333,-0.13993366,-0.12597126,0.09272985,0.14464101,-0.1813961,-0.37603182,-0.16704692,-0.17968564,0.01964731,0.018271241,-0.040887136,0.0027220212,-0.021232005,-0.07297268,0.029870654,-0.24815427,0.1353758,-0.16938695,-0.008028509,0.09219766,-0.36115214,-0.09911435,-0.047491424,-0.013074925,0.18240686,0.15796663,0.07939289,0.1560153,0.049090214,0.24818885
0.16860709,0.12598512,0.35386163,0.21201552,0.18552135,-0.071028024,0.47930533,0.26597843,0.038711637,0.20406775,0.33378005,0.22134608,1.0,0.11232486,-0.0012866748,0.21108831,0.16849494,0.039948806,0.08987038,0.0012759484,-0.27395862,0.03252009,0.4065936,0.17428245,0.28127742,0.1477343,0.23090024,0.24367568,0.18785739,-0.07389463,0.13195698,0.025655478,0.20574968,0.0764865,0.30133247,0.20922412,0.13041148,0.116112046,-0.02725864,-0.053775344,-0.16492943,-0.03076655,-0.017671034,0.077680886,0.019170657,0.051945936,-0.042432558,-0.059826437,-0.012032853,0.069033764,0.23023763,0.13872416,-0.19727889,-0.17644402,-0.060287792,-0.15253098,-0.00040800223,0.18812723,0.17581233,0.07209809,0.47704133,0.15289812,0.30556974,0.16388309,0.5674584,0.3423295,0.292514,0.13408402,0.012128932,-0.020511119,-0.07388967,-0.10428947,0.23495619,0.07765383,0.045848593,0.14150445,0.12313114,-0.004767051,-0.061926343,0.094055444,0.092697546,0.09362524,-0.14618036,0.0013394307,0.38738877,0.19326206,0.011509628,0.009826058,0.3023245,0.121452875,-0.12980874,-0.12009303,0.15861814,0.1184383,0.019888189,-0.016811358,-0.099821985,-0.14008684,-0.24567573,-0.25191885,-0.08506429,-0.12420348,-0.10268248,0.064423464,0.0107606985,0.19686517,-0.20748524,-0.07495386,-0.051988415,-0.05242491,0.06437492,0.033071857,-0.09174117,-0.12406364,-0.08116366,0.059137274
-0.02386968,0.07986388,-0.099555455,0.050874773,-0.28613833,0.17917964,-0.049745474,0.31383297,0.17421104,0.015003016,0.10463382,0.23474552,0.11232486,1.0,0.32322893,0.17397161,0.09901907,0.092754796,0.03498155,0.025996305,0.20799635,0.035498504,-0.076795034,0.16742375,-0.26255906,-0.1780276,-0.24075536,-0.2162106,-0.0241358,0.15317602,-0.1599433,-0.13559951,-0.024486598,-0.035510637,-0.017419957,0.0008660265,-0.10868704,-0.10074753,0.053202167,0.24216363,0.26624513,0.1981582,0.28352168,0.050928976,0.115191564,0.09185862,0.20534135,0.26909152,0.19682162,0.04405646,-0.0014353257,0.13419072,0.36875156,0.33096537,0.15120621,0.37674433,0.15777381,0.11646693,-0.053558625,-0.11332384,-0.027246352,0.31797025,0.088057406,0.1341836,-0.12710533,0.05072346,-0.17504875,0.023677494,-0.09570262,0.023754727,-0.08519999,0.16898622,0.1187061,-0.15784772,0.1823893,-0.262258,-0.04314204,0.031249251,0.3381423,0.11621981,0.24457999,0.027609734,0.29668015,0.47451326,0.1436034,0.24161464,-0.070876636,0.1896006,-0.17710125,0.1270075,0.0855975,-0.0040149707,-0.010783607,-0.16058312,-0.011175254,-0.20019181,0.08095969,0.15840977,0.14726904,-0.020654544,0.113206066,0.07925584,-0.17630735,-0.21710804,-0.26208082,-0.33951098,0.23583676,0.14517735,0.08940869,0.08921429,-0.007845801,-0.23342964,-0.29570892,0.015243003,-0.026921425,-0.2774848
-0.10507639,-0.3319211,-0.039253592,-0.18475479,-0.30347496,0.009539098,-0.037366513,-0.12554623,0.6463163,-0.41867745,0.0042703818,-0.41334563,-0.0012866748,0.32322893,1.0,-0.16930838,-0.18779637,-0.18752399,0.04473948,0.07624614,0.43780968,0.15366699,-0.15175653,-0.16369294,-0.46496964,-0.17834581,-0.5400899,-0.56936437,-0.4914501,0.1609427,-0.22336826,-0.4271602,-0.07513605,-0.18331866,0.002523765,-0.1916373,0.021594092,-0.24554665,0.37064838,0.33766583,0.45984015,0.37225768,0.24051602,-0.1251993,-0.083783746,-0.20422621,0.21104486,0.38566858,-0.16626345,-0.14799096,-0.33692923,-0.16396716,0.71373713,0.63680893,0.37553364,0.5913289,0.023415636,-0.12721488,-0.21184534,-0.19159319,-0.107270956,-0.1076167,-0.00471524,-0.17910214,-0.087408066,-0.4037106,-0.2617866,-0.11476446,0.079274766,0.2311538,-0.07253076,0.28302687,0.35430196,-0.29299593,0.043043643,-0.5939032,-0.2459029,-0.24765636,0.5696677,-0.11610919,0.07129817,-0.36397678,0.5457401,0.60014236,0.101384625,-0.007264282,0.060464285,0.3327853,-0.026871996,0.0102462815,0.16817124,0.48570278,-0.069634825,0.19777676,0.03604981,-0.06422487,0.31492764,0.31476206,0.30387855,0.31739607,0.032534868,0.4940398,-0.3105985,-0.30211148,-0.37467748,-0.4315527,0.5161388,0.19338553,0.20651698,0.3471539,-0.03445451,-0.4221858,-0.2302787,0.23101236,0.0347278,-0.4150204
-0.2179369,0.045363694,-0.05792084,-0.040822037,0.66530025,0.3649732,-0.0009372994,-0.029669901,0.15332003,0.6517645,-0.1726974,0.3480295,0.21108831,0.17397161,-0.16930838,1.0,0.20418525,0.2889499,-0.30453837,-0.3289169,-0.07177561,0.47341886,-0.08116031,0.09300607,0.6257345,0.31946358,0.6641929,0.6730391,0.28114936,0.3258362,0.33686948,0.3293687,-0.06974381,0.09166268,0.011873827,0.22206698,0.52031434,0.6111885,0.21204771,0.22752109,-0.0693682,0.1771196,0.32605925,0.45867074,0.26459926,0.22395156,0.38790822,0.11485329,0.110994846,0.21609929,0.56248677,0.499924,-0.22773449,-0.28054318,0.33860683,-0.11627495,-0.24400938,-0.034099735,0.084080525,0.25429845,0.2061099,0.0816409,0.16783245,0.1412881,0.13798013,0.38703322,0.077682406,-0.11227854,-0.32202703,-0.30426735,0.5889811,0.11532368,-0.004375478,0.36717558,-0.26873374,0.4730237,0.12395332,0.45476115,-0.25333905,0.3122003,0.3787578,0.63086706,-0.0025737637,0.042025685,0.3833073,0.4699855,0.41626,0.18248731,0.48700994,0.47327012,0.2546063,-0.025283957,0.27314824,-0.06291858,0.44343886,0.377042,0.22359288,0.106462896,0.20828064,0.13625018,0.22118607,-0.27933657,0.52516806,0.33706814,0.4677474,0.49164903,-0.122782305,0.1296051,0.04248206,0.16885155,0.46091545,0.5458034,0.41293094,0.15373383,0.37018716,0.4253909
0.20458299,0.45456478,0.11563266,0.0028474957,-0.07133104,-0.096215986,0.15365988,0.22922875,-0.26945972,0.15989204,0.29978734,0.2986077,0.16849494,0.09901907,-0.18779637,0.20418525,1.0,0.22101589,0.14357887,0.15250304,-0.2262767,-0.081598245,-0.034881428,-0.029610178,0.27714285,-0.06624857,0.12739731,0.21201873,0.56019145,0.14830561,0.227435,0.13733678,0.263188,0.4124378,-0.098232344,0.043984823,-0.07244311,0.12854742,-0.17084582,-0.20749518,-0.27431864,-0.25593692,0.1260804,0.08619116,0.12279236,0.18416753,0.09525189,-0.025640123,0.22810002,0.118545346,0.23280086,0.31241152,-0.19663458,-0.22342147,-0.07165792,-0.15327772,0.367739,0.46626124,0.34789956,0.22430685,0.18216272,0.2905813,0.5419351,0.53059953,-0.23429506,0.017684815,0.10625279,0.099835664,0.12833388,0.06562006,-0.13768108,-0.11298255,-0.14184614,0.020840058,0.049753867,0.24966006,0.14374284,0.043615714,0.10340491,0.15710783,0.4029791,0.10830936,-0.315078,-0.062452395,-0.10406927,-0.1576074,-0.29902095,-0.21610291,0.04704622,0.05732498,-0.22424687,-0.29792184,-0.061374284,-0.26826054,0.087949276,-0.016561083,-0.08049271,-0.09497359,-0.155453,-0.22467119,0.12961593,-0.337091,0.21919845,0.16816522,0.0943731,0.1123199,-0.15650037,0.0076693282,-0.028436147,-0.23612377,0.069567695,0.23840488,0.026871236,-0.06589776,-0.16401128,-0.09460798
-0.44472438,-0.011256524,-0.43680963,-0.42656645,0.27264327,0.20892295,-0.35808414,-0.19218582,-0.12944123,0.34348062,-0.34496418,0.5184831,0.039948806,0.092754796,-0.18752399,0.2889499,0.22101589,1.0,-0.52790284,-0.50180584,0.2476239,-0.11608861,-0.32691297,-0.1305946,0.21427448,0.013430699,0.25616255,0.19820811,0.3371041,0.6716501,-0.12471139,0.16775827,-0.2503824,-0.10738335,-0.17201878,0.17562154,0.39181685,0.40282902,0.21413505,0.26977968,0.16388178,0.24423058,0.37882236,0.5532071,0.16465859,0.32560423,0.5431191,0.44397846,0.24084303,0.41139722,0.2929929,0.4207441,0.087052576,0.12462255,0.38221046,0.18242128,-0.3258755,-0.05305371,-0.30980664,0.2985397,-0.0009265767,0.16179234,0.11500282,0.37601587,-0.0069240327,0.06315649,-0.306453,-0.52606124,-0.37942538,-0.45888367,0.19119291,-0.1427496,0.07251011,0.32361677,-0.3457929,0.17918266,0.3171683,0.43902308,-0.36544988,0.5814817,0.22178814,0.6158677,0.2280629,0.21499287,0.19338492,0.3769318,0.16747195,0.19207335,0.1833243,0.30805188,0.2166134,0.104904756,0.17592926,0.22026773,0.34289283,0.33814374,0.3637898,0.35262227,0.39454865,0.27240336,0.14777425,0.17994943,0.21601766,-0.23025493,0.07354227,0.10282909,-0.19761316,-0.07864434,0.17032091,0.42546958,0.41162404,0.2953001,0.36996326,0.5313717,0.33112597,0.3491991
0.83879584,0.6107517,0.6676861,0.661048,-0.39185894,-0.22830431,0.6005354,0.5324061,-0.08212337,-0.2967507,0.60397387,-0.20415714,0.08987038,0.03498155,0.04473948,-0.30453837,0.14357887,-0.52790284,1.0,0.88311803,-0.32147297,-0.036322426,0.5830132,0.45690012,-0.1764556,-0.21446285,-0.23441698,-0.10020741,-0.21415116,-0.51736885,0.21479076,-0.0018540262,0.6425122,0.5332221,0.08600504,-0.03560556,-0.6388954,-0.5609389,-0.5051782,-0.35383675,-0.37112606,-0.2834004,-0.37661618,-0.5669989,-0.067928605,-0.23798971,-0.57125676,-0.48909384,-0.023211483,-0.3199045,-0.18518178,-0.42008135,-0.14670902,-0.08554925,-0.43084714,-0.25567988,0.7997849,0.65752053,0.59490347,-0.013523219,0.22521411,0.3096242,0.22004238,0.2434895,-0.05708275,-0.11902723,0.40786818,0.5387553,0.74918497,0.78703135,-0.42547393,-0.19425328,-0.168042,-0.34950253,0.22377157,-0.20710698,-0.3941827,-0.5385599,0.2472003,-0.48349345,-0.27428046,-0.5986987,-0.4636575,-0.20757686,-0.35303903,-0.5856855,-0.37199154,-0.34301445,-0.12815915,-0.1422337,-0.42241392,-0.28761578,-0.10840382,-0.1103662,-0.49409816,-0.54926264,-0.65689296,-0.5163436,-0.62409675,-0.54944384,0.07268964,-0.09330869,-0.19145153,0.3065664,-0.22801174,-0.109274715,-0.02023059,-0.28189224,-0.4515847,-0.63786316,-0.65516853,-0.40087923,-0.46811458,-0.50473046,-0.531322,-0.36728528
0.7953148,0.60814244,0.5845373,0.6443798,-0.40576154,-0.12853184,0.50502694,0.47349167,-0.08303364,-0.30392936,0.58377624,-0.21442029,0.0012759484,0.025996305,0.07624614,-0.3289169,0.15250304,-0.50180584,0.88311803,1.0,-0.25071877,-0.019981308,0.5497853,0.43998033,-0.25538096,-0.17220381,-0.24243537,-0.1300043,-0.1934918,-0.4566644,0.18165886,-0.0103077805,0.64208436,0.5235337,0.09320249,-0.01061851,-0.6183718,-0.5608577,-0.43308666,-0.23494057,-0.269214,-0.2021382,-0.31372955,-0.5162378,0.005375556,-0.1952249,-0.5467826,-0.42903018,0.003647976,-0.29977757,-0.19682492,-0.38519654,-0.084631026,-0.015146386,-0.38521585,-0.1566789,0.79337037,0.7051574,0.56909233,0.026694212,0.16823514,0.28502968,0.24440487,0.27547166,-0.08963843,-0.1748133,0.38329434,0.5470208,0.7838122,0.8437473,-0.47613123,-0.14107591,-0.114498615,-0.36338693,0.1732935,-0.26225471,-0.35766023,-0.4868926,0.24803986,-0.46317557,-0.28292894,-0.61481655,-0.39058658,-0.114602536,-0.3689507,-0.5602885,-0.39679056,-0.2670675,-0.13910139,-0.09859915,-0.42227447,-0.26842853,-0.14590538,-0.11303875,-0.45898739,-0.52427,-0.62633336,-0.44995725,-0.58849615,-0.5182134,0.0057793553,-0.069735005,-0.22803643,0.22608274,-0.22833174,-0.15462993,0.088626035,-0.25040865,-0.35031596,-0.5937173,-0.6634624,-0.44338158,-0.49664533,-0.49190986,-0.5804858,-0.42515603
-0.40534428,-0.30381277,-0.37727576,-0.40761364,-0.20420215,0.0066045295,-0.39208132,-0.34343216,0.1895876,-0.34277606,-0.29044384,-0.08775215,-0.27395862,0.20799635,0.43780968,-0.07177561,-0.2262767,0.2476239,-0.32147297,-0.25071877,1.0,0.022046797,-0.3540283,-0.23481211,-0.25791892,-0.15752742,-0.3420452,-0.4199803,-0.2784002,0.40731254,-0.16429989,-0.16482553,-0.23602645,-0.21601774,-0.034029737,0.0010492622,0.17113118,0.05455694,0.39916357,0.3153237,0.46746388,0.29430482,0.34678495,0.24445604,0.16702165,0.11545834,0.3836259,0.43232816,0.13061391,0.09072905,-0.11669951,0.08766484,0.55249363,0.5015615,0.43104252,0.46117204,-0.2505943,-0.32671845,-0.4178784,-0.13587245,-0.30556384,-0.17490968,-0.26560667,-0.18309845,-0.09439093,-0.24053705,-0.35553178,-0.2715518,-0.19409937,-0.14786696,0.13846192,0.14193566,0.1621544,0.025817597,-0.1695358,-0.40087682,0.08383544,0.07985537,0.12270686,0.06913802,-0.009889723,0.004929597,0.5503058,0.4226631,0.12376633,0.16812927,0.2557437,0.35702518,-0.080287986,-0.027487624,0.20493175,0.3675628,-0.02261359,0.20299886,0.26275584,0.21144857,0.48464695,0.50284994,0.43754816,0.38665444,0.04185332,0.3973153,-0.1213441,-0.3756639,-0.20004445,-0.33652958,0.36325407,0.13367796,0.49375317,0.6121462,0.24463488,-0.16983095,-0.0063076136,0.43143323,0.26237112,-0.19196157
-0.050467443,0.038722575,0.016918764,0.052104868,0.38281164,0.2553974,0.06558901,-0.11073199,0.40077958,0.1688439,-0.092060685,-0.14621319,0.03252009,0.035498504,0.15366699,0.47341886,-0.081598245,-0.11608861,-0.036322426,-0.019981308,0.022046797,1.0,-0.07306842,-0.06407933,0.31924057,0.31805494,0.28477076,0.32938454,-0.13200477,0.0952736,0.28555474,0.06401692,0.063856155,0.10573232,0.11105238,0.0053615775,0.29587448,0.28699595,0.15746145,0.28943247,-0.005318146,0.2520145,0.27100566,0.08077326,0.21039343,0.10652681,0.22368982,0.022869842,0.08048119,0.15528308,0.29575068,0.18021971,0.081372,0.013351746,0.31702384,0.09259927,-0.035198547,0.007430701,0.12266459,0.056083072,0.04228812,-0.08885501,0.034215838,-0.044445932,0.089142054,0.04424303,0.07214154,0.015580417,-0.06269867,0.062692724,0.47588775,0.3336898,0.00014762551,0.14108853,-0.17894262,0.12803978,-0.059496988,0.13912813,0.09349105,0.11004924,0.26963753,0.20383817,0.089421235,0.099624254,0.18603095,0.22963832,0.37205377,0.25688136,0.32632282,0.29741406,0.26996666,0.20292534,0.27785465,0.036635764,0.3493219,0.27425733,0.1913275,0.1129575,0.214479,0.16655828,0.2518596,-0.06612012,0.4296268,0.33770743,0.32328182,0.2592394,0.15061642,0.11352394,0.06725434,0.11134281,0.23057878,0.20483986,0.22865823,0.04079588,0.1984651,0.123674944
0.6122595,0.42001086,0.75747854,0.7556839,-0.021887194,-0.05518364,0.6277576,0.44051123,-0.1454413,-0.02013208,0.4599123,-0.07226057,0.4065936,-0.076795034,-0.15175653,-0.08116031,-0.034881428,-0.32691297,0.5830132,0.5497853,-0.3540283,-0.07306842,1.0,0.6980658,0.06921731,0.03404926,0.14064254,0.13304503,-0.07875821,-0.5274614,0.3657645,0.30641413,0.59496635,0.35024285,0.4926481,0.39499527,-0.28096163,-0.21601236,-0.31265432,-0.09328322,-0.31387192,-0.16236636,-0.20944418,-0.17588072,0.24174894,0.07117326,-0.40927926,-0.3692883,0.14528483,-0.13945441,0.0548781,-0.21090569,-0.26351565,-0.12773415,-0.29659706,-0.29033408,0.42579314,0.4793447,0.43983394,0.05240935,0.2861725,0.16078426,0.093003124,0.07545836,0.5361441,0.32496044,0.68327457,0.6007981,0.5006376,0.49986458,-0.31936008,-0.1708151,0.03545951,-0.18477929,0.036119048,-0.06817386,-0.124931894,-0.28251547,-0.10718629,-0.3736126,-0.40886545,-0.28262812,-0.33543336,-0.21575864,0.053269695,-0.14522722,-0.061656103,0.005725405,0.12062052,0.05347548,-0.20029905,-0.20017855,0.1597871,0.15428747,-0.3769175,-0.36924648,-0.53930104,-0.4776741,-0.55826163,-0.48253754,-0.04823257,-0.07674557,-0.20134561,0.22904359,-0.059543826,0.1394876,-0.11219538,-0.3368752,-0.38660276,-0.41904983,-0.39294073,-0.23385715,-0.28601596,-0.3807351,-0.3995351,-0.112967685
0.54302675,0.5174713,0.59647083,0.7570426,0.032686163,0.105010204,0.47140443,0.60941464,-0.1387436,0.14478114,0.29900724,0.15666156,0.17428245,0.16742375,-0.16369294,0.09300607,-0.029610178,-0.1305946,0.45690012,0.43998033,-0.23481211,-0.06407933,0.6980658,1.0,0.0514442,0.03707926,0.16810551,0.17558306,-0.02094314,-0.38117018,0.24752125,0.34608573,0.4405217,0.3770566,0.37402868,0.37613994,-0.20321435,-0.12815619,-0.23242994,0.11102484,-0.18127106,0.057224024,-0.07091196,-0.044023667,0.2402014,0.18261419,-0.20340396,-0.17750065,0.13029958,0.020652317,0.15251066,-0.033037532,-0.104476385,0.015674664,-0.14757761,-0.14950277,0.37363234,0.470559,0.425959,0.2869139,0.26591656,0.41528875,-0.006936987,0.18914473,0.3073963,0.455526,0.5548513,0.48229265,0.4795337,0.42861596,-0.14457424,-0.13332677,-0.14440368,-0.067367755,-0.057689365,-0.026589898,-0.11431085,0.0011734155,-0.20567217,-0.270179,-0.38602698,-0.034402255,-0.21812595,-0.07169135,-0.008217377,0.09187619,-0.06402766,0.053542934,0.11920533,0.2981325,-0.026013304,-0.107790545,0.19298992,0.16267832,-0.2765504,-0.3820391,-0.4125187,-0.33937043,-0.3295313,-0.32229298,0.108405635,0.05700264,-0.13991308,0.043873392,-0.120659076,0.026517829,-0.089524515,-0.35884857,-0.41154158,-0.2554739,-0.29873654,-0.26127043,-0.13992111,-0.21940264,-0.30921045,-0.044243652
-0.06695286,0.18798244,0.1862436,0.039573662,0.65511745,0.012617831,0.26545843,0.023067845,-0.124827035,0.4957038,-0.2000003,0.28451273,0.28127742,-0.26255906,-0.46496964,0.6257345,0.27714285,0.21427448,-0.1764556,-0.25538096,-0.25791892,0.31924057,0.06921731,0.0514442,1.0,0.37386334,0.732978,0.75530106,0.35271075,0.13252074,0.5703369,0.46137476,0.1488199,0.32555783,0.2017558,0.3560032,0.4436023,0.7036466,0.057367843,-0.005667802,-0.3539129,-0.047822114,0.22563596,0.4525846,0.30249134,0.33390906,0.26380438,-0.065861806,0.17883456,0.28482303,0.6648193,0.44605216,-0.501409,-0.50862396,0.1894647,-0.3842552,-0.19675499,0.021189485,0.26621985,0.30790922,0.32631934,0.075274825,0.1365175,0.15497792,0.35075128,0.51962006,0.36558422,0.056671724,-0.21882747,-0.3029597,0.5067615,-0.0070769247,-0.17420535,0.5296054,-0.23790812,0.7239523,0.26528546,0.3847691,-0.4535678,0.27246454,0.2658174,0.6202671,-0.31614074,-0.34186846,0.29447874,0.31427446,0.31956354,0.00017939018,0.50549215,0.3475682,0.16957046,-0.108296916,0.38108546,0.07883278,0.34319785,0.33746743,0.08621658,-0.06253181,0.031454235,0.060733598,0.3157186,-0.3307631,0.67816997,0.5318655,0.631117,0.7031937,-0.3689017,-0.062202413,-0.1571661,-0.04182915,0.39119598,0.6924358,0.595162,0.10758819,0.2687169,0.6228396
-0.12038465,-0.10961171,-0.06403347,0.1806839,0.5282306,0.4905113,-0.027597886,-0.03636695,0.13675702,0.38027248,-0.04659204,-0.12809242,0.1477343,-0.1780276,-0.17834581,0.31946358,-0.06624857,0.013430699,-0.21446285,-0.17220381,-0.15752742,0.31805494,0.03404926,0.03707926,0.37386334,1.0,0.43861192,0.3989923,0.031808946,0.045625094,0.39779967,0.30098215,0.07594086,0.06527877,0.37021512,0.31051013,0.47112837,0.46970987,0.18546738,0.20038137,0.0942212,0.022525115,0.25685117,0.29293936,0.2882313,0.2998668,0.1471913,0.08419729,0.025323266,0.11985292,0.28994903,0.18658634,-0.24313278,-0.19451946,0.15983519,-0.051624946,-0.20539318,-0.18455517,0.046868846,-0.028988784,0.056548975,-0.113166384,-0.032319985,-0.12899181,0.3073142,0.40206298,0.279217,0.24520001,-0.24619864,-0.17181899,0.27062953,0.32869053,0.22816578,0.32168397,0.020253807,0.35466406,0.12985665,0.29063037,-0.06392483,0.19292809,0.24975492,0.33517998,0.096109055,-0.008401316,0.31642163,0.3287563,0.16355476,0.17000505,0.23562662,0.1598023,0.21821722,-0.07811814,0.21755582,-0.089698516,0.19328429,0.3135891,0.15789738,0.061332002,0.11187636,-0.028550953,-0.16082543,-0.24931222,0.20580335,0.23549615,0.5333682,0.44813114,0.19157626,0.28364396,0.15148136,0.07331382,0.35597822,0.36090255,0.13835187,-0.14992125,0.18707399,0.32586804
-0.121861406,0.08162166,0.05934602,0.088959105,0.8149927,0.3367297,0.07284115,-0.08895678,-0.11073769,0.7251551,-0.12579753,0.38536948,0.23090024,-0.24075536,-0.5400899,0.6641929,0.12739731,0.25616255,-0.23441698,-0.24243537,-0.3420452,0.28477076,0.14064254,0.16810551,0.732978,0.43861192,1.0,0.8625389,0.43070763,0.12166218,0.3632988,0.43340534,0.022124125,0.08082354,0.10888599,0.31326082,0.48190024,0.6210322,-0.014955338,0.07333158,-0.17973255,0.070102304,0.10482252,0.3988562,0.19352923,0.22886565,0.16387832,-0.10227416,0.11541904,0.2604814,0.595895,0.38316315,-0.519952,-0.48498172,0.101127155,-0.33179143,-0.28206077,0.04255645,0.1749674,0.3625896,0.27158254,0.021768657,0.16434346,0.1795203,0.28356078,0.43251282,0.24234557,-0.08202562,-0.20398648,-0.30525786,0.4074901,-0.0594783,-0.0081997765,0.4390732,-0.30162892,0.67020404,0.2710035,0.4285177,-0.57086337,0.23322023,0.15352048,0.59079903,-0.18916363,-0.22367239,0.32200453,0.3545884,0.29865387,0.08260248,0.4947651,0.39276174,0.11413398,-0.19641687,0.23903362,-0.015614125,0.26771265,0.31638628,-0.031427804,-0.0878436,-0.031936992,-0.00066257955,0.1097821,-0.36578193,0.47516564,0.3884497,0.528671,0.650366,-0.3024294,-0.02368271,-0.08724531,-0.074455515,0.33521333,0.55175525,0.42322314,0.037806854,0.22300747,0.5940433
0.007659049,0.24376823,0.115190774,0.17306362,0.74214333,0.30622628,0.17372431,0.06588428,-0.113411315,0.72257286,-0.05618545,0.38554984,0.24367568,-0.2162106,-0.56936437,0.6730391,0.21201873,0.19820811,-0.10020741,-0.1300043,-0.4199803,0.32938454,0.13304503,0.17558306,0.75530106,0.3989923,0.8625389,1.0,0.43618658,0.044692356,0.4282545,0.453796,0.13204546,0.24236065,0.07500062,0.3003697,0.36367604,0.5413966,-0.114757985,-0.08562622,-0.3303858,-0.064932376,0.022733143,0.28180397,0.16128214,0.21052247,0.06287731,-0.25157958,0.098449,0.1898879,0.61973,0.33951506,-0.6114973,-0.5891175,0.021913871,-0.46182346,-0.14161208,0.16835013,0.29431942,0.3141306,0.30924368,0.14414836,0.188072,0.2743874,0.22132078,0.46058467,0.27856937,0.012692543,-0.14137495,-0.21263725,0.41018987,-0.103949785,-0.12737216,0.40166444,-0.22549239,0.707956,0.2055905,0.36557493,-0.5223207,0.19812731,0.1879637,0.55772144,-0.35642195,-0.2942705,0.22824502,0.27218366,0.25875297,-0.084854744,0.44619867,0.3616709,0.0040544122,-0.2999578,0.21675293,-0.09648216,0.22495481,0.2511421,-0.12878262,-0.16579601,-0.16212566,-0.11115629,0.12937324,-0.4904946,0.5280901,0.5185096,0.55547136,0.68015534,-0.3837314,-0.03711945,-0.1797898,-0.2136133,0.24734887,0.57421637,0.37583223,-0.106175646,0.16599403,0.58358437
-0.09973538,0.17289416,-0.048076577,-0.093754664,0.24464898,0.031590264,-0.016617639,0.042734213,-0.42383966,0.41710725,0.07323825,0.5893925,0.18785739,-0.0241358,-0.4914501,0.28114936,0.56019145,0.3371041,-0.21415116,-0.1934918,-0.2784002,-0.13200477,-0.07875821,-0.02094314,0.35271075,0.031808946,0.43070763,0.43618658,1.0,0.20644978,0.15628117,0.3374734,0.051948547,0.15974128,-0.102510236,0.1951251,0.16801044,0.3673946,-0.09720768,-0.1985163,-0.23592094,-0.18069074,-0.0012407497,0.19135648,0.05501342,0.15513574,0.08616734,-0.046168253,0.13910031,0.1995144,0.30498582,0.3460329,-0.4413995,-0.36839825,-0.18480468,-0.26650646,-0.04878062,0.20312564,0.11743868,0.29647872,0.14222811,0.10470824,0.32868707,0.44104472,-0.03276014,0.24500085,0.101091534,-0.063649796,-0.099204205,-0.29532436,-0.017577663,-0.23848875,-0.053447306,0.21407728,0.012407231,0.5242572,0.37081793,0.27492246,-0.34288633,0.1911077,0.17523342,0.37023753,-0.2902733,-0.15941425,-0.05557055,0.030179441,-0.19534302,-0.2648125,0.06689422,0.02729152,-0.23271714,-0.38375416,-0.14064686,-0.25439674,0.12238739,0.16471015,-0.093799636,-0.07367842,-0.15136708,-0.15040934,-0.053740583,-0.4276154,0.21324268,0.04336554,0.19135042,0.270878,-0.25775415,0.02673499,0.06511961,-0.20582815,0.1908719,0.345766,0.13736501,-0.023646232,-0.052063856,0.17735693
-0.5714971,-0.23381592,-0.5287528,-0.6041836,0.23845415,0.1824728,-0.44858035,-0.39704716,0.15909714,0.18318297,-0.40810448,0.33603308,-0.07389463,0.15317602,0.1609427,0.3258362,0.14830561,0.6716501,-0.51736885,-0.4566644,0.40731254,0.0952736,-0.5274614,-0.38117018,0.13252074,0.045625094,0.12166218,0.044692356,0.20644978,1.0,-0.09315902,-0.03100119,-0.27258092,-0.13775052,-0.25302237,-0.005563507,0.46820703,0.44805908,0.4020542,0.36706716,0.378279,0.37727025,0.47099197,0.48758292,0.13548236,0.17170858,0.6068288,0.5224007,0.14059547,0.29975688,0.17668113,0.39779022,0.26747885,0.23298924,0.5204396,0.36935732,-0.34575924,-0.17506589,-0.36110383,0.20741013,-0.040765423,0.019716999,0.1847751,0.30046493,-0.17232195,-0.15455896,-0.44275323,-0.554216,-0.430113,-0.38027707,0.31959867,0.1914739,0.2705017,0.3531175,-0.30641815,0.11444478,0.21850102,0.44240344,-0.082367755,0.570905,0.36613995,0.44650376,0.41128796,0.36527032,0.132861,0.29563177,0.14802018,0.27020565,0.10483871,0.20422058,0.2425088,0.1799856,0.03876802,0.048300464,0.45323145,0.4017897,0.5262235,0.5036131,0.52909553,0.40831605,0.10031369,0.17276701,0.25210997,-0.19252667,0.08177649,0.034257095,0.12855628,0.15947631,0.32861695,0.5295333,0.45292407,0.25992227,0.27712,0.505119,0.41241917,0.23373134
